NeighbourNodes: [
	( 1 )  [2 4 6 7]
	( 2 )  [1 4 5]
	( 3 )  [5 6]
	( 4 )  [1 2 5 6]
	( 5 )  [2 3 4]
	( 6 )  [1 3 4]
	
	( 7 )  [1 8 10 12]
	( 8 )  [7 10 11]
	( 9 )  [11 12]
	( 10 ) [7 8 11 12]
	( 11 ) [8 9 10]
	( 12 ) [7 9 10]
	
	( 13 )	[14	16 18 19]
	( 14 )	[13	16 17]
	( 15 )	[17	18]
	( 16 )	[13	14 17 18]
	( 17 )	[14	15 16]
	( 18 )	[13	15 16]
								
	( 19 )	[13	20 22 24]
	( 20 )	[19	22 23]
	( 21 )	[23	24]
	( 22 )	[19	20 23 24]
	( 23 )	[20	21 22]
	( 24 )	[19	21 22]
														
	( 25 )	[26	28 30 31]
	( 26 )	[25	28 29]
	( 27 )	[29	30]
	( 28 )	[25	26 29 30]
	( 29 )	[26	27 28]
	( 30 )	[25	27 28]
								
	( 31 )	[25	32 34 36]
	( 32 )	[31	34 35]
	( 33 )	[35	36]
	( 34 )	[31	32 35 36]
	( 35 )	[32	33 34]
	( 36 )	[31	33 34]
]