 Run time: 1.553

Objective value: 0

Centres locked to locations (Function) Node:

Functions placed in locations (Functions, Nodes) 1:

All functions so far placed in the building with fraction:
 Run time: 2.876

Objective value: 11773

Centres locked to locations (Function) Node:
( 49 ) 85

Functions placed in locations (Functions, Nodes) 1:
( 49 85 ) 1

All functions so far placed in the building with fraction:
( 49 85 ) 0.840952
 Run time: 2.92

Objective value: 11773

Centres locked to locations (Function) Node:
( 1 ) 20
( 2 ) 11
( 3 ) 23
( 4 ) 37
( 5 ) 34
( 6 ) 26
( 7 ) 26
( 8 ) 3
( 9 ) 26
( 10 ) 58
( 11 ) 32
( 12 ) 6
( 13 ) 9
( 14 ) 12
( 15 ) 7
( 16 ) 25
( 17 ) 51
( 18 ) 49
( 19 ) 78
( 20 ) 75
( 21 ) 84
( 22 ) 73
( 23 ) 5
( 24 ) 38
( 25 ) 69
( 26 ) 2
( 27 ) 30
( 28 ) 39
( 29 ) 47
( 30 ) 50
( 31 ) 35
( 32 ) 41
( 33 ) 44
( 34 ) 63
( 35 ) 28
( 36 ) 54
( 37 ) 15
( 38 ) 56
( 39 ) 31
( 40 ) 43
( 41 ) 17
( 42 ) 14
( 43 ) 15
( 44 ) 52
( 45 ) 53
( 46 ) 64
( 47 ) 55
( 48 ) 67
( 50 ) 71
( 51 ) 60
( 52 ) 80
( 53 ) 83
( 54 ) 66
( 55 ) 21
( 56 ) 77
( 57 ) 74

Functions placed in locations (Functions, Nodes) 1:
( 1 8 ) 1
( 1 19 ) 1
( 1 20 ) 1
( 1 22 ) 1
( 2 8 ) 1
( 2 10 ) 1
( 2 11 ) 1
( 3 22 ) 1
( 3 23 ) 1
( 4 35 ) 1
( 4 36 ) 1
( 4 37 ) 1
( 5 33 ) 1
( 5 34 ) 1
( 5 46 ) 1
( 6 26 ) 1
( 7 26 ) 1
( 8 3 ) 1
( 8 5 ) 1
( 9 26 ) 1
( 10 52 ) 1
( 10 58 ) 1
( 10 66 ) 1
( 11 27 ) 1
( 11 29 ) 1
( 11 32 ) 1
( 12 1 ) 1
( 12 4 ) 1
( 12 6 ) 1
( 13 9 ) 1
( 13 21 ) 1
( 14 12 ) 1
( 15 7 ) 1
( 15 10 ) 1
( 15 12 ) 1
( 16 25 ) 1
( 17 51 ) 1
( 18 46 ) 1
( 18 48 ) 1
( 18 49 ) 1
( 19 73 ) 1
( 19 76 ) 1
( 19 78 ) 1
( 20 75 ) 1
( 20 81 ) 1
( 21 79 ) 1
( 21 82 ) 1
( 21 84 ) 1
( 22 73 ) 1
( 23 5 ) 1
( 24 33 ) 1
( 24 38 ) 1
( 25 68 ) 1
( 25 69 ) 1
( 26 2 ) 1
( 27 27 ) 1
( 27 30 ) 1
( 28 39 ) 1
( 28 40 ) 1
( 28 45 ) 1
( 29 47 ) 1
( 30 47 ) 1
( 30 48 ) 1
( 30 50 ) 1
( 31 35 ) 1
( 32 29 ) 1
( 32 41 ) 1
( 32 44 ) 1
( 33 44 ) 1
( 34 62 ) 1
( 34 63 ) 1
( 35 28 ) 1
( 35 40 ) 1
( 36 54 ) 1
( 36 56 ) 1
( 36 57 ) 1
( 37 15 ) 1
( 38 56 ) 1
( 39 31 ) 1
( 40 42 ) 1
( 40 43 ) 1
( 41 16 ) 1
( 41 17 ) 1
( 42 13 ) 1
( 42 14 ) 1
( 42 16 ) 1
( 43 15 ) 1
( 44 52 ) 1
( 45 53 ) 1
( 46 59 ) 1
( 46 62 ) 1
( 46 64 ) 1
( 47 55 ) 1
( 47 57 ) 1
( 48 61 ) 1
( 48 65 ) 1
( 48 67 ) 1
( 48 70 ) 1
( 50 71 ) 1
( 50 72 ) 1
( 51 53 ) 1
( 51 60 ) 1
( 52 79 ) 1
( 52 80 ) 1
( 53 81 ) 1
( 53 82 ) 1
( 53 83 ) 1
( 54 66 ) 1
( 55 21 ) 1
( 56 74 ) 1
( 56 76 ) 1
( 56 77 ) 1
( 57 74 ) 1

All functions so far placed in the building with fraction:
( 12 1 ) 0.968407
( 26 2 ) 0.938095
( 8 3 ) 1
( 12 4 ) 1
( 8 5 ) 0.0519481
( 23 5 ) 0.852814
( 12 6 ) 1
( 15 7 ) 1
( 1 8 ) 0.607143
( 2 8 ) 0.392857
( 13 9 ) 1
( 2 10 ) 0.978355
( 15 10 ) 0.021645
( 2 11 ) 1
( 14 12 ) 0.987013
( 15 12 ) 0.000865801
( 42 13 ) 1
( 42 14 ) 1
( 37 15 ) 0.39619
( 43 15 ) 0.48
( 41 16 ) 0.151515
( 42 16 ) 0.281385
( 41 17 ) 1
( 1 19 ) 1
( 1 20 ) 1
( 13 21 ) 0.0419048
( 55 21 ) 0.940952
( 1 22 ) 0.354978
( 3 22 ) 0.645022
( 3 23 ) 1
( 16 25 ) 0.952381
( 6 26 ) 0.365714
( 7 26 ) 0.259048
( 9 26 ) 0.256508
( 11 27 ) 0.678095
( 27 27 ) 0.310476
( 35 28 ) 1
( 11 29 ) 0.329524
( 32 29 ) 0.670476
( 27 30 ) 1
( 39 31 ) 0.831169
( 11 32 ) 1
( 5 33 ) 0.689524
( 24 33 ) 0.310476
( 5 34 ) 1
( 4 35 ) 0.32381
( 31 35 ) 0.666667
( 4 36 ) 1
( 4 37 ) 1
( 24 38 ) 1
( 28 39 ) 1
( 28 40 ) 0.861905
( 35 40 ) 0.0904762
( 32 41 ) 1
( 40 42 ) 0.705628
( 40 43 ) 1
( 32 44 ) 0.168831
( 33 44 ) 0.831169
( 28 45 ) 1
( 5 46 ) 0.490476
( 18 46 ) 0.509524
( 29 47 ) 0.727619
( 30 47 ) 0.272381
( 18 48 ) 0.411255
( 30 48 ) 0.562771
( 18 49 ) 1
( 30 50 ) 1
( 17 51 ) 0.952381
( 10 52 ) 0.291775
( 44 52 ) 0.651082
( 45 53 ) 0.895238
( 51 53 ) 0.0571429
( 36 54 ) 1
( 47 55 ) 1
( 36 56 ) 0.229437
( 38 56 ) 0.701299
( 36 57 ) 0.831169
( 47 57 ) 0.168831
( 10 58 ) 1
( 46 59 ) 0.958095
( 51 60 ) 1
( 48 61 ) 1
( 34 62 ) 0.238095
( 46 62 ) 0.761905
( 34 63 ) 1
( 46 64 ) 1
( 48 65 ) 1
( 10 66 ) 0.409988
( 54 66 ) 0.590012
( 48 67 ) 1
( 25 68 ) 0.705628
( 25 69 ) 1
( 48 70 ) 0.82684
( 50 71 ) 1
( 50 72 ) 0.980952
( 19 73 ) 0.504762
( 22 73 ) 0.495238
( 56 74 ) 0.238095
( 57 74 ) 0.761905
( 20 75 ) 1
( 19 76 ) 0.138528
( 56 76 ) 0.861472
( 56 77 ) 1
( 19 78 ) 1
( 21 79 ) 0.207619
( 52 79 ) 0.707619
( 52 80 ) 1
( 20 81 ) 0.00571429
( 53 81 ) 0.994286
( 21 82 ) 0.813853
( 53 82 ) 0.186147
( 53 83 ) 1
( 21 84 ) 1
 Run time: 2.991

Objective value: 11773

Centres locked to locations (Function) Node:
( 19 ) 78
( 20 ) 75
( 21 ) 84
( 22 ) 73
( 50 ) 71
( 52 ) 80
( 53 ) 83
( 56 ) 77
( 57 ) 74

Functions placed in locations (Functions, Nodes) 1:
( 19 73 ) 1
( 19 76 ) 1
( 19 78 ) 1
( 20 75 ) 1
( 20 81 ) 1
( 21 79 ) 1
( 21 82 ) 1
( 21 84 ) 1
( 22 73 ) 1
( 50 71 ) 1
( 50 72 ) 1
( 52 79 ) 1
( 52 80 ) 1
( 53 81 ) 1
( 53 82 ) 1
( 53 83 ) 1
( 56 74 ) 1
( 56 76 ) 1
( 56 77 ) 1
( 57 74 ) 1

All functions so far placed in the building with fraction:
( 50 71 ) 1
( 50 72 ) 0.980952
( 19 73 ) 0.504762
( 22 73 ) 0.495238
( 56 74 ) 0.238095
( 57 74 ) 0.761905
( 20 75 ) 1
( 19 76 ) 0.138528
( 56 76 ) 0.861472
( 56 77 ) 1
( 19 78 ) 1
( 21 79 ) 0.207619
( 52 79 ) 0.707619
( 52 80 ) 1
( 20 81 ) 0.00571429
( 53 81 ) 0.994286
( 21 82 ) 0.813853
( 53 82 ) 0.186147
( 53 83 ) 1
( 21 84 ) 1
 Run time: 1.561

Objective value: 7179

Centres locked to locations (Function) Node:
( 19 ) 80
( 20 ) 84
( 21 ) 77
( 22 ) 75
( 50 ) 71
( 52 ) 74
( 53 ) 83
( 56 ) 78
( 57 ) 79

Functions placed in locations (Functions, Nodes) 1:
( 19 72 ) 1
( 19 80 ) 1
( 19 82 ) 1
( 20 79 ) 1
( 20 81 ) 1
( 20 84 ) 1
( 21 75 ) 1
( 21 76 ) 1
( 21 77 ) 1
( 22 75 ) 1
( 50 71 ) 1
( 50 72 ) 1
( 52 73 ) 1
( 52 74 ) 1
( 53 81 ) 1
( 53 82 ) 1
( 53 83 ) 1
( 56 73 ) 1
( 56 76 ) 1
( 56 78 ) 1
( 57 79 ) 1

All functions so far placed in the building with fraction:
( 50 71 ) 1
( 19 72 ) 0.00952381
( 50 72 ) 0.980952
( 52 73 ) 0.707619
( 56 73 ) 0.194286
( 52 74 ) 1
( 21 75 ) 0.504762
( 22 75 ) 0.495238
( 21 76 ) 0.138528
( 56 76 ) 0.861472
( 21 77 ) 1
( 56 78 ) 1
( 20 79 ) 0.375238
( 57 79 ) 0.624762
( 19 80 ) 1
( 20 81 ) 0.190476
( 53 81 ) 0.809524
( 19 82 ) 0.393939
( 53 82 ) 0.606061
( 53 83 ) 1
( 20 84 ) 1
 Run time: 1.997

Objective value: 5710

Centres locked to locations (Function) Node:
( 19 ) 74
( 20 ) 78
( 21 ) 83
( 22 ) 81
( 50 ) 72
( 52 ) 80
( 53 ) 77
( 56 ) 84
( 57 ) 73

Functions placed in locations (Functions, Nodes) 1:
( 19 71 ) 1
( 19 74 ) 1
( 19 76 ) 1
( 20 73 ) 1
( 20 75 ) 1
( 20 78 ) 1
( 21 81 ) 1
( 21 82 ) 1
( 21 83 ) 1
( 22 81 ) 1
( 50 71 ) 1
( 50 72 ) 1
( 52 79 ) 1
( 52 80 ) 1
( 53 75 ) 1
( 53 76 ) 1
( 53 77 ) 1
( 56 79 ) 1
( 56 82 ) 1
( 56 84 ) 1
( 57 73 ) 1

All functions so far placed in the building with fraction:
( 19 71 ) 0.0190476
( 50 71 ) 0.980952
( 50 72 ) 1
( 20 73 ) 0.375238
( 57 73 ) 0.624762
( 19 74 ) 1
( 20 75 ) 0.190476
( 53 75 ) 0.809524
( 19 76 ) 0.393939
( 53 76 ) 0.606061
( 53 77 ) 1
( 20 78 ) 1
( 52 79 ) 0.707619
( 56 79 ) 0.292381
( 52 80 ) 1
( 21 81 ) 0.504762
( 22 81 ) 0.495238
( 21 82 ) 0.361472
( 56 82 ) 0.638528
( 21 83 ) 1
( 56 84 ) 1
