 Run time: 9838.63

Objective value: 14088

Centres locked to locations (Function) Node:
( 1 ) 11
( 2 ) 23
( 3 ) 18
( 4 ) 17
( 5 ) 21
( 6 ) 26
( 7 ) 26
( 8 ) 2
( 9 ) 26
( 10 ) 22
( 11 ) 50
( 12 ) 6
( 13 ) 7
( 14 ) 12
( 15 ) 1
( 16 ) 25
( 17 ) 51
( 18 ) 40
( 19 ) 83
( 20 ) 75
( 21 ) 81
( 22 ) 86
( 23 ) 69
( 24 ) 38
( 25 ) 44
( 26 ) 77
( 27 ) 63
( 28 ) 29
( 29 ) 43
( 30 ) 32
( 31 ) 5
( 32 ) 28
( 33 ) 31
( 34 ) 70
( 35 ) 37
( 36 ) 34
( 37 ) 47
( 38 ) 35
( 39 ) 66
( 40 ) 58
( 41 ) 49
( 42 ) 67
( 43 ) 47
( 44 ) 13
( 45 ) 14
( 46 ) 64
( 47 ) 54
( 48 ) 71
( 49 ) 85
( 50 ) 79
( 51 ) 60
( 52 ) 65
( 53 ) 56
( 54 ) 54
( 55 ) 46
( 56 ) 57
( 57 ) 52

Functions placed in locations (Functions, Nodes) 1:
( 1 8 ) 1
( 1 9 ) 1
( 1 10 ) 1
( 1 11 ) 1
( 2 20 ) 1
( 2 23 ) 1
( 3 13 ) 1
( 3 18 ) 1
( 4 15 ) 1
( 4 16 ) 1
( 4 17 ) 1
( 5 15 ) 1
( 5 21 ) 1
( 5 24 ) 1
( 6 26 ) 1
( 7 26 ) 1
( 8 2 ) 1
( 8 5 ) 1
( 8 14 ) 1
( 9 26 ) 1
( 10 19 ) 1
( 10 22 ) 1
( 10 24 ) 1
( 11 45 ) 1
( 11 48 ) 1
( 11 50 ) 1
( 12 3 ) 1
( 12 4 ) 1
( 12 6 ) 1
( 13 7 ) 1
( 13 8 ) 1
( 13 12 ) 1
( 14 12 ) 1
( 15 1 ) 1
( 15 4 ) 1
( 16 25 ) 1
( 17 51 ) 1
( 18 39 ) 1
( 18 40 ) 1
( 19 80 ) 1
( 19 82 ) 1
( 19 83 ) 1
( 20 75 ) 1
( 20 78 ) 1
( 21 72 ) 1
( 21 81 ) 1
( 22 86 ) 1
( 23 68 ) 1
( 23 69 ) 1
( 24 33 ) 1
( 24 38 ) 1
( 25 39 ) 1
( 25 44 ) 1
( 26 76 ) 1
( 26 77 ) 1
( 27 61 ) 1
( 27 63 ) 1
( 28 29 ) 1
( 28 35 ) 1
( 28 41 ) 1
( 29 42 ) 1
( 29 43 ) 1
( 30 27 ) 1
( 30 30 ) 1
( 30 32 ) 1
( 31 5 ) 1
( 32 27 ) 1
( 32 28 ) 1
( 32 31 ) 1
( 33 31 ) 1
( 34 68 ) 1
( 34 70 ) 1
( 35 36 ) 1
( 35 37 ) 1
( 36 33 ) 1
( 36 34 ) 1
( 37 47 ) 1
( 38 35 ) 1
( 39 66 ) 1
( 40 58 ) 1
( 41 48 ) 1
( 41 49 ) 1
( 42 58 ) 1
( 42 61 ) 1
( 42 67 ) 1
( 43 47 ) 1
( 44 13 ) 1
( 45 14 ) 1
( 46 59 ) 1
( 46 62 ) 1
( 46 64 ) 1
( 47 54 ) 1
( 48 71 ) 1
( 48 72 ) 1
( 48 74 ) 1
( 49 85 ) 1
( 49 86 ) 1
( 49 87 ) 1
( 49 88 ) 1
( 50 73 ) 1
( 50 79 ) 1
( 50 80 ) 1
( 51 53 ) 1
( 51 60 ) 1
( 52 59 ) 1
( 52 65 ) 1
( 52 66 ) 1
( 53 53 ) 1
( 53 55 ) 1
( 53 56 ) 1
( 54 54 ) 1
( 55 45 ) 1
( 55 46 ) 1
( 56 52 ) 1
( 56 55 ) 1
( 56 57 ) 1
( 57 52 ) 1

All functions so far placed in the building with fraction:
( 15 1 ) 1
( 8 2 ) 1
( 12 3 ) 0.92684
( 12 4 ) 0.977489
( 15 4 ) 0.0225108
( 8 5 ) 0.047619
( 31 5 ) 0.757576
( 12 6 ) 1
( 13 7 ) 1
( 1 8 ) 0.852381
( 13 8 ) 0.105238
( 1 9 ) 1
( 1 10 ) 1
( 1 11 ) 1
( 13 12 ) 0.012987
( 14 12 ) 0.987013
( 3 13 ) 0.28381
( 44 13 ) 0.71619
( 8 14 ) 0.104762
( 45 14 ) 0.895238
( 4 15 ) 0.32381
( 5 15 ) 0.67619
( 4 16 ) 1
( 4 17 ) 1
( 3 18 ) 1
( 10 19 ) 1
( 2 20 ) 0.930952
( 5 21 ) 1
( 10 22 ) 1
( 2 23 ) 1
( 5 24 ) 0.467532
( 10 24 ) 0.493506
( 16 25 ) 0.952381
( 6 26 ) 0.365714
( 7 26 ) 0.259048
( 9 26 ) 0.256508
( 30 27 ) 0.129524
( 32 27 ) 0.870476
( 32 28 ) 1
( 28 29 ) 1
( 30 30 ) 0.887446
( 32 31 ) 0.168831
( 33 31 ) 0.831169
( 30 32 ) 1
( 24 33 ) 0.310476
( 36 33 ) 0.666667
( 36 34 ) 1
( 28 35 ) 0.689524
( 38 35 ) 0.308571
( 35 36 ) 0.982684
( 35 37 ) 1
( 24 38 ) 1
( 18 39 ) 0.228571
( 25 39 ) 0.310476
( 18 40 ) 1
( 28 41 ) 1
( 29 42 ) 0.65368
( 29 43 ) 1
( 25 44 ) 1
( 11 45 ) 0.634286
( 55 45 ) 0.140952
( 55 46 ) 1
( 37 47 ) 0.39619
( 43 47 ) 0.48
( 11 48 ) 0.848485
( 41 48 ) 0.151515
( 41 49 ) 1
( 11 50 ) 1
( 17 51 ) 0.952381
( 56 52 ) 0.413853
( 57 52 ) 0.567965
( 51 53 ) 0.0571429
( 53 53 ) 0.942857
( 47 54 ) 0.514286
( 54 54 ) 0.48381
( 53 55 ) 0.731602
( 56 55 ) 0.268398
( 53 56 ) 1
( 56 57 ) 1
( 40 58 ) 0.750476
( 42 58 ) 0.249524
( 46 59 ) 0.853333
( 52 59 ) 0.0733333
( 51 60 ) 1
( 27 61 ) 0.310476
( 42 61 ) 0.674286
( 46 62 ) 1
( 27 63 ) 1
( 46 64 ) 1
( 52 65 ) 1
( 39 66 ) 0.445993
( 52 66 ) 0.554007
( 42 67 ) 1
( 23 68 ) 0.705628
( 34 68 ) 0.294372
( 23 69 ) 1
( 34 70 ) 1
( 48 71 ) 1
( 21 72 ) 0.0432234
( 48 72 ) 0.956777
( 50 73 ) 1
( 48 74 ) 1
( 20 75 ) 1
( 26 76 ) 1
( 26 77 ) 1
( 20 78 ) 1
( 50 79 ) 1
( 19 80 ) 0.29849
( 50 80 ) 0.70151
( 21 81 ) 1
( 19 82 ) 1
( 19 83 ) 1
( 49 85 ) 1
( 22 86 ) 0.495238
( 49 86 ) 0.504762
( 49 87 ) 1
( 49 88 ) 1
