Proximity : [
( 1 1 4 )   1
( 1 1 9 )   3
( 1 1 10 )  3
( 1 2 3 )   10
( 1 2 4 )   9
( 1 2 5 )   8
( 1 3 4 )   9
( 1 3 5 )   10
( 1 3 9 )   6
( 1 4 5 )   8
( 1 4 9 )   9
( 1 5 7 )   2
( 1 6 7 )   2
( 1 6 10 )  3
( 1 8  9 )  5
( 1 4 10 )  1
( 1 9 11 )  3
( 1 10 12 ) 3
( 1 3 13 )  10
( 1 4 19 )  9
( 1 5 20 )  8
( 1 4 21 )  9
( 1 5 22 )  10
( 1 9 26 )  6
( 1 5 27 )  8
( 1 9 14 )  9
( 1 9 10 ) 5
( 1 5 11 )  1
( 1 10 12 ) 3
( 1 11 13 ) 3
( 1 4 15 )  10
( 1 5 20 )  9
( 1 6 20 )  8
( 1 5 22 )  9
( 1 6 23 )  10
( 1 10 27 ) 6
( 1 6 28 )  8
( 1 10 15 ) 9
]