Proximity: [
( 1 1 32 ) 9
( 1 1 42 ) 4
( 1 2 18 ) 10
( 1 3 11 ) 8
( 1 3 22 ) 8
( 1 3 25 ) 8
( 1 3 34 ) 8
( 1 3 38 ) 8
( 1 3 44 ) 8
( 1 5 54 ) 6
( 1 7 18 ) 5
( 1 8 26 ) 4
( 1 8 27 ) 4
( 1 8 29 ) 4
( 1 10 35 ) 4
( 1 10 47 ) 5
( 1 10 52 ) 7
( 1 11 18 ) 8
( 1 11 25 ) 10
( 1 11 31 ) 9
( 1 14 18 ) 8
( 1 16 32 ) 9
( 1 16 42 ) 4
( 1 17 18 ) 8
( 1 17 25 ) 8
( 1 17 35 ) 4
( 1 17 36 ) 5
( 1 17 45 ) 5
( 1 17 47 ) 5
( 1 17 51 ) 5
( 1 17 52 ) 7
( 1 17 54 ) 5
( 1 19 54 ) 6
( 1 21 22 ) 8
( 1 21 25 ) 8
( 1 21 34 ) 8
( 1 21 38 ) 8
( 1 21 44 ) 8
( 1 22 25 ) 8
( 1 22 34 ) 8
( 1 22 38 ) 8
( 1 22 44 ) 8
( 1 24 48 ) 4
( 1 25 31 ) 9
( 1 26 27 ) 4
( 1 26 29 ) 9
( 1 27 28 ) 6
( 1 28 48 ) 4
( 1 33 48 ) 5
( 1 36 45 ) 5
( 1 36 47 ) 5
( 1 36 52 ) 7
( 1 37 41 ) 6
( 1 37 42 ) 4
( 1 38 44 ) 8
( 1 39 46 ) 8
( 1 39 54 ) 4
( 1 40 44 ) 8
( 1 41 55 ) 5
( 1 45 47 ) 5
( 1 45 52 ) 7
( 1 50 51 ) 5
( 1 50 52 ) 7
( 1 50 53 ) 5
( 1 50 54 ) 5
( 1 51 52 ) 7
( 1 53 54 ) 5
]