Proximity : [
( 1 1 4 ) 1
( 1 1 9 ) 3
( 1 1 10 ) 3
( 1 1 11 ) 8
( 1 2 3 ) 10
( 1 2 4 ) 9
( 1 2 5 ) 8
( 1 3 4 ) 9
( 1 3 5 ) 10
( 1 3 9 ) 6
( 1 4 5 ) 8
( 1 4 9 ) 9
( 1 5 7 ) 2
( 1 5 13 ) 5
( 1 6 7 ) 2
( 1 6 10 ) 3
( 1 6 13 ) 6
( 1 7 13 ) 5
( 1 8 9 ) 5
( 1 12 13 ) 10

( 2 1 6 ) 1
( 2  1 9 ) 7
( 2 2 5 ) 4
( 2 2 6 ) 2
( 2 3 6 ) 10
( 2 3 7 ) 6
( 2 3 11 ) 8
( 2 4 7 ) 3
( 2 4 10 ) 9
( 2 4 11 ) 3
( 2 5 11 ) 9
( 2 5 12 ) 1
( 2 6 8 ) 1
( 2 6 12 ) 6
( 2 6 13 ) 5
( 2 9 12 ) 6
( 2 10 13 ) 2
( 2 11 12 ) 9
( 2 11 13 ) 8
]