Proximity : [
( 1 1 4 ) 1
( 1 1 9 ) 3
( 1 1 10 ) 3
( 1 1 11 ) 8
( 1 2 3 ) 10
( 1 2 4 ) 9
( 1 2 5 ) 8
( 1 2 23 ) 6
( 1 3 4 ) 9
( 1 3 5 ) 10
( 1 3 9 ) 6
( 1 3 18 ) 4
( 1 3 22 ) 4
( 1 3 23 ) 5
( 1 4 5 ) 8
( 1 4 9 ) 9
( 1 4 17 ) 2
( 1 4 18 ) 1
( 1 5 7 ) 2
( 1 5 13 ) 5
( 1 5 17 ) 1
( 1 6 7 ) 2
( 1 6 10 ) 3
( 1 6 13 ) 6
( 1 6 14 ) 8
( 1 7 13 ) 5
( 1 7 21 ) 4
( 1 7 22 ) 3
( 1 8 9 ) 5
( 1 8 20 ) 4
( 1 8 21 ) 4
( 1 8 22 ) 4
( 1 8 23 ) 4
( 1 9 17 ) 1
( 1 9 18 ) 2
( 1 9 21 ) 2
( 1 9 22 ) 7
( 1 10 17 ) 1
( 1 10 18 ) 1
( 1 10 21 ) 2
( 1 10 23 ) 5
( 1 11 13 ) 10
( 1 11 14 ) 10
( 1 11 17 ) 1
( 1 12 13 ) 10
( 1 12 14 ) 9
( 1 12 20 ) 8
( 1 13 14 ) 9
( 1 13 15 ) 10
( 1 13 24 ) 9
( 1 14 15 ) 10
( 1 14 21 ) 9
( 1 14 24 ) 7
( 1 15 18 ) 6
( 1 15 21 ) 8
( 1 16 19 ) 7
( 1 17 24 ) 5
( 1 18 23 ) 2
( 1 18 24 ) 6
( 1 19 20 ) 3
( 1 19 21 ) 5
( 1 19 23 ) 7
( 1 19 24 ) 6
( 1 20 21 ) 3
( 1 20 22 ) 7
( 1 21 22 ) 3
]