Proximity : [
( 1 1 4 ) 1
( 1 1 9 ) 3
( 1 1 10 ) 3
( 1 1 11 ) 8
( 1 2 3 ) 10
( 1 2 4 ) 9
( 1 2 5 ) 8
( 1 3 4 ) 9
( 1 3 5 ) 10
( 1 3 9 ) 6
( 1 3 18 ) 4
( 1 4 5 ) 8
( 1 4 9 ) 9
( 1 4 17 ) 2
( 1 4 18 ) 1
( 1 5 7 ) 2
( 1 5 13 ) 5
( 1 5 17 ) 1
( 1 6 7 ) 2
( 1 6 10 ) 3
( 1 6 13 ) 6
( 1 6 14 ) 8
( 1 7 13 ) 5
( 1 8 9 ) 5
( 1 9 17 ) 1
( 1 9 18 ) 2
( 1 10 17 ) 1
( 1 10 18 ) 1
( 1 11 13 ) 10
( 1 11 14 ) 10
( 1 11 17 ) 1
( 1 12 13 ) 10
( 1 12 14 ) 9
( 1 13 14 ) 9
( 1 13 15 ) 10
( 1 14 15 ) 10
( 1 15 18 ) 6
]