!Areas:
Windows: [
	!( Nodes )
	!Floor 1
	( 1 )  1
	( 2 )  1
	( 7 )  1
	( 8 )  1
	( 13 ) 1
	( 14 ) 1
	( 19 ) 1
	( 20 ) 1
	!Floor 2
	( 27 ) 1
	( 28 ) 1
	( 33 ) 1
	( 34 ) 1
	( 39 ) 1
	( 40 ) 1
	( 45 ) 1
	( 46 ) 1
	!Floor 3
	( 52 ) 1
	( 53 ) 1
	( 58 ) 1
	( 59 ) 1
	( 60 ) 1
	( 65 ) 1
	( 66 ) 1
	!Floor 4
	( 71 ) 1
	( 72 ) 1
	( 73 ) 1
	( 74 ) 1
	( 79 ) 1
	( 80 ) 1
	!Floor 5
	!( 85 ) 1
	!( 86 ) 1
	!( 87 ) 1
	!( 88 ) 1
]

Oceanview: [
	!( Nodes )
	!Floor 1
	( 2 )  1
	( 8 )  1
	( 13 ) 1
	( 14 ) 1
	( 19 ) 1
	( 20 ) 1
	!Floor 2
	( 28 ) 1
	( 34 ) 1
	( 39 ) 1
	( 40 ) 1
	( 45 ) 1
	( 46 ) 1
	!Floor 3
	( 53 ) 1
	( 59 ) 1
	( 60 ) 1
	( 65 ) 1
	( 66 ) 1
	!Floor 4
	( 73 ) 1
	( 74 ) 1
	( 79 ) 1
	( 80 ) 1
	!Floor 5
	!( 87 ) 1
	!( 88 ) 1
]

AreasFloors : [
	!(Floors, Nodes)
	!Floor 1
	( 1 1 )  1
	( 1 2 )  1
	( 1 3 )  1
	( 1 4 )  1
	( 1 5 )  1
	( 1 6 )  1		
	( 1 7 )  1
	( 1 8 )  1
	( 1 9 )  1
	( 1 10 ) 1
	( 1 11 ) 1
	( 1 12 ) 1
	( 1 13 ) 1
	( 1 14 ) 1
	( 1 15 ) 1
	( 1 16 ) 1
	( 1 17 ) 1
	( 1 18 ) 1
	( 1 19 ) 1
	( 1 20 ) 1
	( 1 21 ) 1
	( 1 22 ) 1
	( 1 23 ) 1
	( 1 24 ) 1
	( 1 25 ) 1
	( 1 26 ) 1
	!Floor 2
	( 2 27 ) 1
	( 2 28 ) 1
	( 2 29 ) 1
	( 2 30 ) 1
	( 2 31 ) 1
	( 2 32 ) 1
	( 2 33 ) 1
	( 2 34 ) 1
	( 2 35 ) 1
	( 2 36 ) 1
	( 2 37 ) 1
	( 2 38 ) 1
	( 2 39 ) 1
	( 2 40 ) 1
	( 2 41 ) 1
	( 2 42 ) 1
	( 2 43 ) 1
	( 2 44 ) 1
	( 2 45 ) 1
	( 2 46 ) 1
	( 2 47 ) 1
	( 2 48 ) 1
	( 2 49 ) 1
	( 2 50 ) 1
	( 2 51 ) 1
	!Floor 3
	( 3 52 ) 1
	( 3 53 ) 1
	( 3 54 ) 1
	( 3 55 ) 1
	( 3 56 ) 1
	( 3 57 ) 1
	( 3 58 ) 1
	( 3 59 ) 1
	( 3 60 ) 1
	( 3 61 ) 1
	( 3 62 ) 1
	( 3 63 ) 1
	( 3 64 ) 1
	( 3 65 ) 1
	( 3 66 ) 1
	( 3 67 ) 1
	( 3 68 ) 1
	( 3 69 ) 1
	( 3 70 ) 1
	!Floor 4
	( 4 71 ) 1
	( 4 72 ) 1
	( 4 73 ) 1
	( 4 74 ) 1
	( 4 75 ) 1
	( 4 76 ) 1
	( 4 77 ) 1
	( 4 78 ) 1
	( 4 79 ) 1
	( 4 80 ) 1
	( 4 81 ) 1
	( 4 82 ) 1
	( 4 83 ) 1
	( 4 84 ) 1
	!Floor 5
	( 5 85 ) 1
	]

!Functions:
FunctionsWindows: [
	!( Functions )
	( 44 ) 1 !Day area
	( 45 ) 1 !Day area
	( 48 ) 1 !Bed ward medicine
	!( 49 ) 1 !Bed ward 
	( 50 ) 1 !Bed ward orthopedics/surgery
	( 51 ) 1 !Patient hotel
	( 52 ) 1 !Children bed ward
]

FunctionsOceanview: [
	!( Functions )
	
]


LockedFunctionsCentre: [
	!( Functions ) Nodes
	!Ambulance central locked to ambulance building
	!( 16 ) 25
	!( 17 ) 51
	
	!Lock all centres from previous steps (floor 1)
	( 1 ) 11
	( 2 ) 23
	( 3 ) 18
	( 4 ) 17
	( 5 ) 21
	( 6 ) 26
	( 7 ) 26
	( 8 ) 2
	( 9 ) 26
	( 10 ) 22
	( 12 ) 6
	( 13 ) 7
	( 14 ) 12
	( 15 ) 1
	( 16 ) 25
	( 31 ) 5
	( 44 ) 13
	( 45 ) 14
	!Lock all centres from previous steps (floor 2)
	( 11 ) 50
	( 17 ) 51
	( 18 ) 40
	( 24 ) 38
	( 25 ) 44
	( 28 ) 29
	( 29 ) 43
	( 30 ) 32
	( 32 ) 28
	( 33 ) 31
	( 35 ) 37
	( 36 ) 34
	( 37 ) 47
	( 38 ) 35
	( 41 ) 49
	( 43 ) 47
	( 55 ) 46
	!Lock all centres from previous steps (floor 3)
	( 23 ) 69
	( 27 ) 56
	( 34 ) 70
	( 39 ) 66
	( 40 ) 58
	( 42 ) 67
	( 46 ) 62
	( 47 ) 54
	( 51 ) 53
	( 52 ) 65
	( 53 ) 63
	( 54 ) 54
	( 56 ) 57
	( 57 ) 52
	!---------------------------------------------------
	!Lock all functions in floor 5 to floor 5 (node 85)
	( 22 ) 85
	( 49 ) 85 	
]


LockedFunctions: [
	!( Functions Nodes )
	( 1 8  ) 1 !The emergency department locked to the emercency entrance
	!Reception and pasient information + LMS + Ministry locked to the public entrance
	( 6 26 ) 1
	( 7 26 ) 1
	( 9 26 ) 1
	!---------------------------------------------------
	!Lock all functions from previous steps (floor 1)
	( 1 8 ) 1
	( 1 9 ) 1
	( 1 10 ) 1
	( 1 11 ) 1
	( 2 20 ) 1
	( 2 23 ) 1
	( 3 13 ) 1
	( 3 18 ) 1
	( 4 15 ) 1
	( 4 16 ) 1
	( 4 17 ) 1
	( 5 15 ) 1
	( 5 21 ) 1
	( 5 24 ) 1
	( 6 26 ) 1
	( 7 26 ) 1
	( 8 2 ) 1
	( 8 5 ) 1
	( 8 14 ) 1
	( 9 26 ) 1
	( 10 19 ) 1
	( 10 22 ) 1
	( 10 24 ) 1
	( 12 3 ) 1
	( 12 4 ) 1
	( 12 6 ) 1
	( 13 7 ) 1
	( 13 8 ) 1
	( 13 12 ) 1
	( 14 12 ) 1
	( 15 1 ) 1
	( 15 4 ) 1
	( 16 25 ) 1
	( 31 5 ) 1
	( 44 13 ) 1
	( 45 14 ) 1
	!Lock all functions from previous steps (floor 2)
	( 11 45 ) 1
	( 11 48 ) 1
	( 11 50 ) 1
	( 17 51 ) 1
	( 18 39 ) 1
	( 18 40 ) 1
	( 24 33 ) 1
	( 24 38 ) 1
	( 25 39 ) 1
	( 25 44 ) 1
	( 28 29 ) 1
	( 28 35 ) 1
	( 28 41 ) 1
	( 29 42 ) 1
	( 29 43 ) 1
	( 30 30 ) 1
	( 30 32 ) 1
	( 32 28 ) 1
	( 32 31 ) 1
	( 33 31 ) 1
	( 35 36 ) 1
	( 35 37 ) 1
	( 36 33 ) 1
	( 36 34 ) 1
	( 37 47 ) 1
	( 38 35 ) 1
	( 41 48 ) 1
	( 41 49 ) 1
	( 43 47 ) 1
	( 55 45 ) 1
	( 55 46 ) 1
	!Lock all functions from previous steps (floor 3)
	( 23 69 ) 1
	( 27 55 ) 1
	( 27 56 ) 1
	( 34 68 ) 1
	( 34 70 ) 1
	( 39 66 ) 1
	( 40 58 ) 1
	( 42 58 ) 1
	( 42 61 ) 1
	( 42 67 ) 1
	( 46 59 ) 1
	( 46 62 ) 1
	( 46 64 ) 1
	( 47 54 ) 1
	( 51 53 ) 1
	( 51 60 ) 1
	( 52 59 ) 1
	( 52 65 ) 1
	( 52 66 ) 1
	( 53 60 ) 1
	( 53 61 ) 1
	( 53 63 ) 1
	( 54 54 ) 1
	( 56 52 ) 1
	( 56 55 ) 1
	( 56 57 ) 1
	( 57 52 ) 1
]

LockedMinimumFraction: [
	!( Functions Nodes ) Fraction
]

LockFloor : [
	( 1 1 ) 1
	( 1 2 ) 1
	( 1 3 ) 1
	( 1 4 ) 1
	( 1 5 ) 1
	( 1 6 ) 1
	( 1 7 ) 1
	( 1 8 ) 1
	( 1 9 ) 1
	( 1 10 ) 1
	( 1 12 ) 1
	( 1 13 ) 1
	( 1 14 ) 1
	( 1 15 ) 1
	( 1 16 ) 1
	( 1 31 ) 1
	( 1 44 ) 1
	( 1 45 ) 1
	
	( 2 11 ) 1
	( 2 17 ) 1
	( 2 18 ) 1
	( 2 24 ) 1
	( 2 25 ) 1
	( 2 28 ) 1
	( 2 29 ) 1
	( 2 30 ) 1
	( 2 32 ) 1
	( 2 33 ) 1
	( 2 35 ) 1
	( 2 36 ) 1
	( 2 37 ) 1
	( 2 38 ) 1
	( 2 41 ) 1
	( 2 43 ) 1
	( 2 55 ) 1
	
	( 3 23 ) 1
	( 3 27 ) 1
	( 3 34 ) 1
	( 3 39 ) 1
	( 3 40 ) 1
	( 3 42 ) 1
	( 3 46 ) 1
	( 3 47 ) 1
	( 3 51 ) 1
	( 3 52 ) 1
	( 3 53 ) 1
	( 3 54 ) 1
	( 3 56 ) 1
	( 3 57 ) 1
	
	( 4 19 ) 1
	( 4 20 ) 1
	( 4 21 ) 1
	( 4 26 ) 1
	( 4 48 ) 1
	( 4 50 ) 1
	
	( 5 22 ) 1
	( 5 49 ) 1
]

LockNotFloor : []
LockSameFloor : []