!Areas:
Windows: [
	!( Nodes )
	!Floor 1
	( 1 )  1
	( 2 )  1
	( 7 )  1
	( 8 )  1
	( 13 ) 1
	( 14 ) 1
	( 19 ) 1
	( 20 ) 1
	!Floor 2
	( 27 ) 1
	( 28 ) 1
	( 29 ) 1
	( 33 ) 1
	( 34 ) 1
	( 39 ) 1
	( 40 ) 1
	( 45 ) 1
	( 46 ) 1
	!Floor 3
	( 52 ) 1
	( 53 ) 1
	( 58 ) 1
	( 59 ) 1
	( 60 ) 1
	( 61 ) 1
	( 65 ) 1
	( 66 ) 1
	( 67 ) 1
	!Floor 4
	( 72 ) 1
	( 73 ) 1
	( 74 ) 1
	( 79 ) 1
	( 80 ) 1
	!Floor 5
	( 85 ) 1
	( 86 ) 1
	( 87 ) 1
	( 88 ) 1
	
]

Oceanview: [
	!( Nodes )
	!Floor 1
	( 2 )  1
	( 8 )  1
	( 13 ) 1
	( 14 ) 1
	( 19 ) 1
	( 20 ) 1
	!Floor 2
	( 28 ) 1
	( 34 ) 1
	( 39 ) 1
	( 40 ) 1
	( 45 ) 1
	( 46 ) 1
	!Floor 3
	( 53 ) 1
	( 59 ) 1
	( 60 ) 1
	( 65 ) 1
	( 66 ) 1
	!Floor 4
	( 73 ) 1
	( 74 ) 1
	( 79 ) 1
	( 80 ) 1
	!Floor 5
	( 87 ) 1
	( 88 ) 1
]

AreasFloors : [
	!(Floors, Nodes)
	!Floor 1
	( 1 1 )  1
	( 1 2 )  1
	( 1 3 )  1
	( 1 4 )  1
	( 1 5 )  1
	( 1 6 )  1		
	( 1 7 )  1
	( 1 8 )  1
	( 1 9 )  1
	( 1 10 ) 1
	( 1 11 ) 1
	( 1 12 ) 1
	( 1 13 ) 1
	( 1 14 ) 1
	( 1 15 ) 1
	( 1 16 ) 1
	( 1 17 ) 1
	( 1 18 ) 1
	( 1 19 ) 1
	( 1 20 ) 1
	( 1 21 ) 1
	( 1 22 ) 1
	( 1 23 ) 1
	( 1 24 ) 1
	( 1 25 ) 1
	( 1 26 ) 1
	!Floor 2
	( 2 27 ) 1
	( 2 28 ) 1
	( 2 29 ) 1
	( 2 30 ) 1
	( 2 31 ) 1
	( 2 32 ) 1
	( 2 33 ) 1
	( 2 34 ) 1
	( 2 35 ) 1
	( 2 36 ) 1
	( 2 37 ) 1
	( 2 38 ) 1
	( 2 39 ) 1
	( 2 40 ) 1
	( 2 41 ) 1
	( 2 42 ) 1
	( 2 43 ) 1
	( 2 44 ) 1
	( 2 45 ) 1
	( 2 46 ) 1
	( 2 47 ) 1
	( 2 48 ) 1
	( 2 49 ) 1
	( 2 50 ) 1
	( 2 51 ) 1
	!Floor 3
	( 3 52 ) 1
	( 3 53 ) 1
	( 3 54 ) 1
	( 3 55 ) 1
	( 3 56 ) 1
	( 3 57 ) 1
	( 3 58 ) 1
	( 3 59 ) 1
	( 3 60 ) 1
	( 3 61 ) 1
	( 3 62 ) 1
	( 3 63 ) 1
	( 3 64 ) 1
	( 3 65 ) 1
	( 3 66 ) 1
	( 3 67 ) 1
	( 3 68 ) 1
	( 3 69 ) 1
	( 3 70 ) 1
	!Floor 4
	( 4 71 ) 1
	( 4 72 ) 1
	( 4 73 ) 1
	( 4 74 ) 1
	( 4 75 ) 1
	( 4 76 ) 1
	( 4 77 ) 1
	( 4 78 ) 1
	( 4 79 ) 1
	( 4 80 ) 1
	( 4 81 ) 1
	( 4 82 ) 1
	( 4 83 ) 1
	( 4 84 ) 1
	!Floor 5
	( 5 85 ) 1
	( 5 86 ) 1
	( 5 87 ) 1
	( 5 88 ) 1
	]

!Functions:
FunctionsWindows: [
	!( Functions )
	( 44 ) 1 !Day area
	( 45 ) 1 !Day area
	( 48 ) 1 !Bed ward medicine
	( 49 ) 1 !Bed ward 
	( 50 ) 1 !Bed ward orthopedics/surgery
	( 51 ) 1 !Patient hotel
	( 52 ) 1 !Children bed ward
]

FunctionsOceanview: [
	!( Functions )
	
]


LockedFunctionsCentre: [
	!( Functions ) Nodes
	!Ambulance central locked to ambulance building
	( 16 ) 25
	( 17 ) 51
	
	!---------------------------------------------------
	!Lock all functions in floor 1 to floor 1
	( 1 ) 10
	( 5 ) 15
	( 6 ) 26
	( 7 ) 26
	( 9 ) 26
	( 10 ) 23
	( 16 ) 25
	( 19 ) 9
	( 36 ) 5
	( 42 ) 6
	( 47 ) 11
	( 50 ) 14
	( 51 ) 20
	( 53 ) 24
	( 54 ) 17
	!Lock all functions in floor 2 to floor 2
	
	!Lock all functions in floor 3 to floor 3
	( 3 ) 63
	( 11 ) 58
	( 12 ) 53
	( 14 ) 67
	( 22 ) 60
	( 24 ) 64
	( 25 ) 56
	( 31 ) 69
	( 33 ) 57
	( 34 ) 54
	( 44 ) 61
	( 48 ) 65
	( 57 ) 70
	!Lock all functions in floor 4 to floor 4
	( 4 ) 72
	( 13 ) 75
	( 20 ) 84
	( 23 ) 71
	( 28 ) 83
	( 30 ) 78
	( 43 ) 73
	( 56 ) 77
	!Lock all functions in floor 5 to floor 5
	( 8 ) 85
	( 15 ) 88
	( 26 ) 86
	( 27 ) 86
	( 29 ) 88
]


LockedFunctions: [
	!( Functions Nodes )
	!The emergency department locked to the emercency entrance
	( 1 8  ) 1
	!Reception and pasient information + LMS + Ministry locked to the public entrance
	( 6 26 ) 1
	( 7 26 ) 1
	( 9 26 ) 1
	
	!Floor 1
	( 1 7 ) 1
	( 1 8 ) 1
	( 1 10 ) 1
	( 1 12 ) 1
	( 5 3 ) 1
	( 5 15 ) 1
	( 5 18 ) 1
	( 6 26 ) 1
	( 7 26 ) 1
	( 9 26 ) 1
	( 10 21 ) 1
	( 10 22 ) 1
	( 10 23 ) 1
	( 16 25 ) 1
	( 19 9 ) 1
	( 19 12 ) 1
	( 19 21 ) 1
	( 36 3 ) 1
	( 36 4 ) 1
	( 36 5 ) 1
	( 42 1 ) 1
	( 42 4 ) 1
	( 42 6 ) 1
	( 47 8 ) 1
	( 47 11 ) 1
	( 50 2 ) 1
	( 50 13 ) 1
	( 50 14 ) 1
	( 51 19 ) 1
	( 51 20 ) 1
	( 53 19 ) 1
	( 53 22 ) 1
	( 53 24 ) 1
	( 54 16 ) 1
	( 54 17 ) 1
	
	!Floor 2
	
	
	!Floor 3
	( 3 61 ) 1
	( 3 63 ) 1
	( 11 54 ) 1
	( 11 58 ) 1
	( 12 52 ) 1
	( 12 53 ) 1
	( 12 60 ) 1
	( 14 67 ) 1
	( 22 60 ) 1
	( 24 62 ) 1
	( 24 64 ) 1
	( 25 55 ) 1
	( 25 56 ) 1
	( 31 68 ) 1
	( 31 69 ) 1
	( 33 57 ) 1
	( 34 54 ) 1
	( 44 61 ) 1
	( 48 59 ) 1
	( 48 65 ) 1
	( 48 66 ) 1
	( 48 67 ) 1
	( 57 68 ) 1
	( 57 70 ) 1
	
	!Floor 4
	( 4 72 ) 1
	( 13 75 ) 1
	( 20 79 ) 1
	( 20 84 ) 1
	( 23 71 ) 1
	( 28 80 ) 1
	( 28 81 ) 1
	( 28 82 ) 1
	( 28 83 ) 1
	( 30 73 ) 1
	( 30 78 ) 1
	( 43 73 ) 1
	( 56 74 ) 1
	( 56 75 ) 1
	( 56 77 ) 1
	
	!Floor 5
	( 8 85 ) 1
	( 15 88 ) 1
	( 26 86 ) 1
	( 27 86 ) 1
	( 29 88 ) 1
	
]

LockedMinimumFraction: [
	!( Functions Nodes ) Fraction
	
]

LockFloor : [
	( 1 1 ) 1
	( 1 5 ) 1
	( 1 6 ) 1
	( 1 7 ) 1
	( 1 9 ) 1
	( 1 10 ) 1
	( 1 16 ) 1
	( 1 19 ) 1
	( 1 36 ) 1
	( 1 42 ) 1
	( 1 47 ) 1
	( 1 50 ) 1
	( 1 51 ) 1
	( 1 53 ) 1
	( 1 54 ) 1
	( 2 2 ) 1
	( 2 17 ) 1
	( 2 18 ) 1
	( 2 21 ) 1
	( 2 32 ) 1
	( 2 35 ) 1
	( 2 37 ) 1
	( 2 38 ) 1
	( 2 39 ) 1
	( 2 40 ) 1
	( 2 41 ) 1
	( 2 45 ) 1
	( 2 46 ) 1
	( 2 49 ) 1
	( 2 52 ) 1
	( 2 55 ) 1
	( 3 3 ) 1
	( 3 11 ) 1
	( 3 12 ) 1
	( 3 14 ) 1
	( 3 22 ) 1
	( 3 24 ) 1
	( 3 25 ) 1
	( 3 31 ) 1
	( 3 33 ) 1
	( 3 34 ) 1
	( 3 44 ) 1
	( 3 48 ) 1
	( 3 57 ) 1
	( 4 4 ) 1
	( 4 13 ) 1
	( 4 20 ) 1
	( 4 23 ) 1
	( 4 28 ) 1
	( 4 30 ) 1
	( 4 43 ) 1
	( 4 56 ) 1
	( 5 8 ) 1
	( 5 15 ) 1
	( 5 26 ) 1
	( 5 27 ) 1
	( 5 29 ) 1
]

LockNotFloor : []
LockSameFloor : []