!Areas:
Windows: [
	!( Nodes )
	!Floor 1
	( 1 )  1
	( 2 )  1
	( 7 )  1
	( 8 )  1
	( 13 ) 1
	( 14 ) 1
	( 19 ) 1
	( 20 ) 1
	!Floor 2
	( 27 ) 1
	( 28 ) 1
	( 33 ) 1
	( 34 ) 1
	( 39 ) 1
	( 40 ) 1
	( 45 ) 1
	( 46 ) 1
	!Floor 3
	( 52 ) 1
	( 53 ) 1
	( 58 ) 1
	( 59 ) 1
	( 60 ) 1
	( 65 ) 1
	( 66 ) 1
	!Floor 4
	( 71 ) 1
	( 72 ) 1
	( 73 ) 1
	( 74 ) 1
	( 79 ) 1
	( 80 ) 1
	!Floor 5
	( 85 ) 1
	( 86 ) 1
	( 87 ) 1
	( 88 ) 1
]
Oceanview: [
	!( Nodes )
	!Floor 1
	( 2 )  1
	( 8 )  1
	( 13 ) 1
	( 14 ) 1
	( 19 ) 1
	( 20 ) 1
	!Floor 2
	( 28 ) 1
	( 34 ) 1
	( 39 ) 1
	( 40 ) 1
	( 45 ) 1
	( 46 ) 1
	!Floor 3
	( 53 ) 1
	( 59 ) 1
	( 60 ) 1
	( 65 ) 1
	( 66 ) 1
	!Floor 4
	( 73 ) 1
	( 74 ) 1
	( 79 ) 1
	( 80 ) 1
	!Floor 5
	( 87 ) 1
	( 88 ) 1
]
AreasFloors : [
	!(Floors, Nodes)
	!Floor 1
	( 1 1 )  1
	( 1 2 )  1
	( 1 3 )  1
	( 1 4 )  1
	( 1 5 )  1
	( 1 6 )  1		
	( 1 7 )  1
	( 1 8 )  1
	( 1 9 )  1
	( 1 10 ) 1
	( 1 11 ) 1
	( 1 12 ) 1
	( 1 13 ) 1
	( 1 14 ) 1
	( 1 15 ) 1
	( 1 16 ) 1
	( 1 17 ) 1
	( 1 18 ) 1
	( 1 19 ) 1
	( 1 20 ) 1
	( 1 21 ) 1
	( 1 22 ) 1
	( 1 23 ) 1
	( 1 24 ) 1
	( 1 25 ) 1
	( 1 26 ) 1
	!Floor 2
	( 2 27 ) 1
	( 2 28 ) 1
	( 2 29 ) 1
	( 2 30 ) 1
	( 2 31 ) 1
	( 2 32 ) 1
	( 2 33 ) 1
	( 2 34 ) 1
	( 2 35 ) 1
	( 2 36 ) 1
	( 2 37 ) 1
	( 2 38 ) 1
	( 2 39 ) 1
	( 2 40 ) 1
	( 2 41 ) 1
	( 2 42 ) 1
	( 2 43 ) 1
	( 2 44 ) 1
	( 2 45 ) 1
	( 2 46 ) 1
	( 2 47 ) 1
	( 2 48 ) 1
	( 2 49 ) 1
	( 2 50 ) 1
	( 2 51 ) 1
	!Floor 3
	( 3 52 ) 1
	( 3 53 ) 1
	( 3 54 ) 1
	( 3 55 ) 1
	( 3 56 ) 1
	( 3 57 ) 1
	( 3 58 ) 1
	( 3 59 ) 1
	( 3 60 ) 1
	( 3 61 ) 1
	( 3 62 ) 1
	( 3 63 ) 1
	( 3 64 ) 1
	( 3 65 ) 1
	( 3 66 ) 1
	( 3 67 ) 1
	( 3 68 ) 1
	( 3 69 ) 1
	( 3 70 ) 1
	!Floor 4
	( 4 71 ) 1
	( 4 72 ) 1
	( 4 73 ) 1
	( 4 74 ) 1
	( 4 75 ) 1
	( 4 76 ) 1
	( 4 77 ) 1
	( 4 78 ) 1
	( 4 79 ) 1
	( 4 80 ) 1
	( 4 81 ) 1
	( 4 82 ) 1
	( 4 83 ) 1
	( 4 84 ) 1
	!Floor 5
	( 5 85 ) 1
	( 5 86 ) 1
	( 5 87 ) 1
	( 5 88 ) 1
	]

!Functions:
FunctionsWindows: [
	!( Functions )
	( 44 ) 1 !Day area
	( 45 ) 1 !Day area
	( 48 ) 1 !Bed ward medicine
	( 49 ) 1 !Bed ward 
	( 50 ) 1 !Bed ward orthopedics/surgery
	( 51 ) 1 !Patient hotel
	( 52 ) 1 !Children bed ward
]

FunctionsOceanview: [
	!( Functions )
	
]


LockedFunctionsCentre: [
	!( Functions ) Nodes
	!Ambulance central locked to ambulance building
	!( 16 ) 25
	!( 17 ) 51
	
	!Lock all centres from previous steps (floor 1)
	( 1 ) 20
	( 2 ) 23
	( 3 ) 11
	( 4 ) 5
	( 5 ) 26
	( 6 ) 9
	( 8 ) 12
	( 11 ) 14
	( 12 ) 3
	( 13 ) 18
	( 14 ) 15
	( 15 ) 24
	( 16 ) 25
	( 25 ) 2
	( 44 ) 7
	( 45 ) 1
	!Lock all centres from previous steps (floor 2)
	( 7 ) 38
	( 10 ) 50
	( 17 ) 51
	( 18 ) 32
	( 24 ) 34
	( 29 ) 43
	( 30 ) 31
	( 32 ) 40
	( 33 ) 41
	( 35 ) 37
	( 36 ) 49
	( 39 ) 35
	( 41 ) 35
	( 55 ) 46
	( 56 ) 44
	( 57 ) 41
	!Lock all centres from previous steps (floor 3)
	( 23 ) 69
	( 27 ) 56
	( 34 ) 70
	( 37 ) 67
	( 38 ) 58
	( 40 ) 63
	( 42 ) 61
	( 43 ) 58
	( 46 ) 57
	( 50 ) 59
	( 51 ) 66
	( 52 ) 53
	!Lock all centres from previous steps (floor 4)
	( 9 ) 81
	( 19 ) 73
	( 20 ) 79
	( 21 ) 84
	( 22 ) 78
	( 26 ) 83
	( 47 ) 75
	( 49 ) 72
	( 53 ) 77
	( 54 ) 75
]


LockedFunctions: [
	!( Functions Nodes )
	( 1 8  ) 1 !The emergency department locked to the emercency entrance
	!Reception and pasient information locked to the public entrance
	( 6 26 ) 1
	( 6 9  ) 1
	!---------------------------------------------------
	!Lock all functions from previous steps (floor 1)
	( 1 8 ) 1
	( 1 19 ) 1
	( 1 20 ) 1
	( 2 21 ) 1
	( 2 22 ) 1
	( 2 23 ) 1
	( 3 10 ) 1
	( 3 11 ) 1
	( 4 4 ) 1
	( 4 5 ) 1
	( 4 6 ) 1
	( 5 21 ) 1
	( 5 26 ) 1
	( 6 9 ) 1
	( 8 9 ) 1
	( 8 10 ) 1
	( 8 12 ) 1
	( 11 2 ) 1
	( 11 13 ) 1
	( 11 14 ) 1
	( 12 3 ) 1
	( 12 6 ) 1
	( 12 15 ) 1
	( 13 13 ) 1
	( 13 16 ) 1
	( 13 18 ) 1
	( 14 15 ) 1
	( 15 22 ) 1
	( 15 24 ) 1
	( 16 25 ) 1
	( 25 2 ) 1
	( 31 16 ) 1
	( 31 17 ) 1
	( 44 7 ) 1
	( 45 1 ) 1
	!Lock all functions from previous steps (floor 2)
	( 7 38 ) 1
	( 10 45 ) 1
	( 10 48 ) 1
	( 10 50 ) 1
	( 17 51 ) 1
	( 18 29 ) 1
	( 18 30 ) 1
	( 18 32 ) 1
	( 24 34 ) 1
	( 28 29 ) 1
	( 28 33 ) 1
	( 29 42 ) 1
	( 29 43 ) 1
	( 30 28 ) 1
	( 30 30 ) 1
	( 30 31 ) 1
	( 32 28 ) 1
	( 32 39 ) 1
	( 32 40 ) 1
	( 33 41 ) 1
	( 35 34 ) 1
	( 35 36 ) 1
	( 35 37 ) 1
	( 36 47 ) 1
	( 36 48 ) 1
	( 36 49 ) 1
	( 39 35 ) 1
	( 41 35 ) 1
	( 55 45 ) 1
	( 55 46 ) 1
	( 56 39 ) 1
	( 56 42 ) 1
	( 56 44 ) 1
	( 57 41 ) 1
	!Lock all functions from previous steps (floor 3)
	( 23 68 ) 1
	( 23 69 ) 1
	( 27 55 ) 1
	( 27 56 ) 1
	( 34 68 ) 1
	( 34 70 ) 1
	( 37 67 ) 1
	( 38 58 ) 1
	( 40 62 ) 1
	( 40 63 ) 1
	( 42 61 ) 1
	( 42 64 ) 1
	( 42 67 ) 1
	( 43 58 ) 1
	( 46 52 ) 1
	( 46 54 ) 1
	( 46 57 ) 1
	( 50 59 ) 1
	( 50 60 ) 1
	( 50 65 ) 1
	( 51 65 ) 1
	( 51 66 ) 1
	( 52 52 ) 1
	( 52 53 ) 1
	( 52 60 ) 1
	!Lock all functions from previous steps (floor 4)
	( 9 81 ) 1
	( 19 73 ) 1
	( 19 74 ) 1
	( 20 79 ) 1
	( 20 80 ) 1
	( 21 81 ) 1
	( 21 82 ) 1
	( 21 84 ) 1
	( 22 76 ) 1
	( 22 78 ) 1
	( 26 82 ) 1
	( 26 83 ) 1
	( 47 75 ) 1
	( 49 71 ) 1
	( 49 72 ) 1
	( 49 80 ) 1
	( 53 74 ) 1
	( 53 76 ) 1
	( 53 77 ) 1
	( 54 75 ) 1
]

LockedMinimumFraction: [
	!( Functions Nodes ) Fraction
]

LockFloor : []
LockNotFloor : []
LockSameFloor : []