!Areas:
Windows: [
	!( Nodes )
	!Floor 1
	( 1 )  1
	( 2 )  1
	( 7 )  1
	( 8 )  1
	( 13 ) 1
	( 14 ) 1
	( 19 ) 1
	( 20 ) 1
	!Floor 2
	( 27 ) 1
	( 28 ) 1
	( 33 ) 1
	( 34 ) 1
	( 39 ) 1
	( 40 ) 1
	( 45 ) 1
	( 46 ) 1
	!Floor 3
	( 52 ) 1
	( 53 ) 1
	( 58 ) 1
	( 59 ) 1
	( 60 ) 1
	( 65 ) 1
	( 66 ) 1
	!Floor 4
	( 71 ) 1
	( 72 ) 1
	( 73 ) 1
	( 74 ) 1
	( 79 ) 1
	( 80 ) 1
	!Floor 5
	( 85 ) 1
	( 86 ) 1
	( 87 ) 1
	( 88 ) 1
]

Oceanview: [
	!( Nodes )
	!Floor 1
	( 2 )  1
	( 8 )  1
	( 13 ) 1
	( 14 ) 1
	( 19 ) 1
	( 20 ) 1
	!Floor 2
	( 28 ) 1
	( 34 ) 1
	( 39 ) 1
	( 40 ) 1
	( 45 ) 1
	( 46 ) 1
	!Floor 3
	( 53 ) 1
	( 59 ) 1
	( 60 ) 1
	( 65 ) 1
	( 66 ) 1
	!Floor 4
	( 73 ) 1
	( 74 ) 1
	( 79 ) 1
	( 80 ) 1
	!Floor 5
	( 87 ) 1
	( 88 ) 1
]

AreasFloors : [
	!(Floors, Nodes)
	!Floor 1
	( 1 1 )  1
	( 1 2 )  1
	( 1 3 )  1
	( 1 4 )  1
	( 1 5 )  1
	( 1 6 )  1		
	( 1 7 )  1
	( 1 8 )  1
	( 1 9 )  1
	( 1 10 ) 1
	( 1 11 ) 1
	( 1 12 ) 1
	( 1 13 ) 1
	( 1 14 ) 1
	( 1 15 ) 1
	( 1 16 ) 1
	( 1 17 ) 1
	( 1 18 ) 1
	( 1 19 ) 1
	( 1 20 ) 1
	( 1 21 ) 1
	( 1 22 ) 1
	( 1 23 ) 1
	( 1 24 ) 1
	( 1 25 ) 1
	( 1 26 ) 1
	!Floor 2
	( 2 27 ) 1
	( 2 28 ) 1
	( 2 29 ) 1
	( 2 30 ) 1
	( 2 31 ) 1
	( 2 32 ) 1
	( 2 33 ) 1
	( 2 34 ) 1
	( 2 35 ) 1
	( 2 36 ) 1
	( 2 37 ) 1
	( 2 38 ) 1
	( 2 39 ) 1
	( 2 40 ) 1
	( 2 41 ) 1
	( 2 42 ) 1
	( 2 43 ) 1
	( 2 44 ) 1
	( 2 45 ) 1
	( 2 46 ) 1
	( 2 47 ) 1
	( 2 48 ) 1
	( 2 49 ) 1
	( 2 50 ) 1
	( 2 51 ) 1
	!Floor 3
	( 3 52 ) 1
	( 3 53 ) 1
	( 3 54 ) 1
	( 3 55 ) 1
	( 3 56 ) 1
	( 3 57 ) 1
	( 3 58 ) 1
	( 3 59 ) 1
	( 3 60 ) 1
	( 3 61 ) 1
	( 3 62 ) 1
	( 3 63 ) 1
	( 3 64 ) 1
	( 3 65 ) 1
	( 3 66 ) 1
	( 3 67 ) 1
	( 3 68 ) 1
	( 3 69 ) 1
	( 3 70 ) 1
	!Floor 4
	( 4 71 ) 1
	( 4 72 ) 1
	( 4 73 ) 1
	( 4 74 ) 1
	( 4 75 ) 1
	( 4 76 ) 1
	( 4 77 ) 1
	( 4 78 ) 1
	( 4 79 ) 1
	( 4 80 ) 1
	( 4 81 ) 1
	( 4 82 ) 1
	( 4 83 ) 1
	( 4 84 ) 1
	!Floor 5
	( 5 85 ) 1
	( 5 86 ) 1
	( 5 87 ) 1
	( 5 88 ) 1
	]

!Functions:
FunctionsWindows: [
	!( Functions )
	( 44 ) 1 !Day area
	( 45 ) 1 !Day area
	!( 48 ) 1 !Bed ward medicine
	( 49 ) 1 !Bed ward 
	( 50 ) 1 !Bed ward orthopedics/surgery
	( 51 ) 1 !Patient hotel
	( 52 ) 1 !Children bed ward
]

FunctionsOceanview: [
	!( Functions )
	
]


LockedFunctionsCentre: [
	!( Functions ) Nodes
	!Ambulance central locked to ambulance building
	( 16 ) 25
	( 17 ) 51
	
	!Lock all centres from previous step (floor 2)
	( 4 ) 37
	( 5 ) 34
	( 11 ) 32
	( 17 ) 51
	( 18 ) 49
	( 24 ) 38
	( 27 ) 30
	( 28 ) 39
	( 29 ) 47
	( 30 ) 50
	( 31 ) 35
	( 32 ) 41
	( 33 ) 44
	( 35 ) 28
	( 39 ) 31
	( 40 ) 43
	
	!Lock all centres from previous step (floor 3)
	( 10 ) 58
	( 25 ) 69
	( 34 ) 63
	( 36 ) 54
	( 38 ) 56
	( 44 ) 52
	( 45 ) 53
	( 46 ) 64
	( 47 ) 55
	( 48 ) 67
	( 51 ) 60
	( 54 ) 66
	
	!Lock all centres from previous step (floor 4)
	( 19 ) 78
	( 20 ) 75
	( 21 ) 84
	( 22 ) 73
	( 50 ) 71
	( 52 ) 80
	( 53 ) 83
	( 56 ) 77
	( 57 ) 74
	
	!Lock all centres from previous step (floor 5)
	( 49 ) 87
	
]


LockedFunctions: [
	!( Functions Nodes )
	( 1 8  ) 1 !The emergency department locked to the emercency entrance
	!Reception and pasient information + LMS + Ministry locked to the public entrance
	( 6 26 ) 1
	( 7 26 ) 1
	( 9 26 ) 1
	!---------------------------------------------------
	!---------------------------------------------------
	
	!Lock all functions from previous step (floor 2)
	( 4 35 ) 1
	( 4 36 ) 1
	( 4 37 ) 1
	( 5 33 ) 1
	( 5 34 ) 1
	( 5 46 ) 1
	( 11 29 ) 1
	( 11 32 ) 1
	( 17 51 ) 1
	( 18 46 ) 1
	( 18 48 ) 1
	( 18 49 ) 1
	( 24 33 ) 1
	( 24 38 ) 1
	( 27 30 ) 1
	( 28 39 ) 1
	( 28 40 ) 1
	( 28 45 ) 1
	( 29 47 ) 1
	( 30 47 ) 1
	( 30 48 ) 1
	( 30 50 ) 1
	( 31 35 ) 1
	( 32 29 ) 1
	( 32 41 ) 1
	( 32 44 ) 1
	( 33 42 ) 1
	( 33 44 ) 1
	( 35 28 ) 1
	( 35 40 ) 1
	( 39 31 ) 1
	( 40 42 ) 1
	( 40 43 ) 1
	
	!Lock all functions from previous step (floor 3)
	( 10 52 ) 1
	( 10 58 ) 1
	( 10 66 ) 1
	( 25 68 ) 1
	( 25 69 ) 1
	( 34 62 ) 1
	( 34 63 ) 1
	( 36 54 ) 1
	( 36 56 ) 1
	( 36 57 ) 1
	( 38 56 ) 1
	( 44 52 ) 1
	( 45 53 ) 1
	( 46 59 ) 1
	( 46 62 ) 1
	( 46 64 ) 1
	( 47 55 ) 1
	( 47 57 ) 1
	( 48 61 ) 1
	( 48 65 ) 1
	( 48 67 ) 1
	( 51 53 ) 1
	( 51 60 ) 1
	( 54 66 ) 1
	
	!Lock all functions from previous step (floor 4)
	( 19 73 ) 1
	( 19 76 ) 1
	( 19 78 ) 1
	( 20 75 ) 1
	( 20 81 ) 1
	( 21 79 ) 1
	( 21 82 ) 1
	( 21 84 ) 1
	( 22 73 ) 1
	( 50 71 ) 1
	( 50 72 ) 1
	( 52 79 ) 1
	( 52 80 ) 1
	( 53 81 ) 1
	( 53 82 ) 1
	( 53 83 ) 1
	( 56 74 ) 1
	( 56 76 ) 1
	( 56 77 ) 1
	( 57 74 ) 1
	
	!Lock all functions from previous step (floor 5)
	( 49 85 ) 1
	( 49 86 ) 1
	( 49 87 ) 1
	( 49 88 ) 1
]

LockedMinimumFraction: [
	!( Functions Nodes ) Fraction
]

LockFloor : [
	( 1 1 ) 1
	( 1 2 ) 1
	( 1 3 ) 1
	( 1 6 ) 1
	( 1 7 ) 1
	( 1 8 ) 1
	( 1 9 ) 1
	( 1 12 ) 1
	( 1 13 ) 1
	( 1 14 ) 1
	( 1 15 ) 1
	( 1 16 ) 1
	( 1 23 ) 1
	( 1 26 ) 1
	( 1 37 ) 1
	( 1 41 ) 1
	( 1 42 ) 1
	( 1 43 ) 1
	( 1 55 ) 1
	( 2 4 ) 1
	( 2 5 ) 1
	( 2 11 ) 1
	( 2 17 ) 1
	( 2 18 ) 1
	( 2 24 ) 1
	( 2 27 ) 1
	( 2 28 ) 1
	( 2 29 ) 1
	( 2 30 ) 1
	( 2 31 ) 1
	( 2 32 ) 1
	( 2 33 ) 1
	( 2 35 ) 1
	( 2 39 ) 1
	( 2 40 ) 1
	( 3 10 ) 1
	( 3 25 ) 1
	( 3 34 ) 1
	( 3 36 ) 1
	( 3 38 ) 1
	( 3 44 ) 1
	( 3 45 ) 1
	( 3 46 ) 1
	( 3 47 ) 1
	( 3 48 ) 1
	( 3 51 ) 1
	( 3 54 ) 1
	( 4 19 ) 1
	( 4 20 ) 1
	( 4 21 ) 1
	( 4 22 ) 1
	( 4 50 ) 1
	( 4 52 ) 1
	( 4 53 ) 1
	( 4 56 ) 1
	( 4 57 ) 1
	( 5 49 ) 1
]

LockNotFloor : []
LockSameFloor : []