!Areas:
Windows: [
	!( Nodes )
	!Floor 1
	( 1 )  1
	( 2 )  1
	( 7 )  1
	( 8 )  1
	( 13 ) 1
	( 14 ) 1
	( 19 ) 1
	( 20 ) 1
	!Floor 2
	( 27 ) 1
	( 28 ) 1
	( 33 ) 1
	( 34 ) 1
	( 39 ) 1
	( 40 ) 1
	( 45 ) 1
	( 46 ) 1
	!Floor 3
	( 52 ) 1
	( 53 ) 1
	( 58 ) 1
	( 59 ) 1
	( 60 ) 1
	( 65 ) 1
	( 66 ) 1
	!Floor 4
	( 71 ) 1
	( 72 ) 1
	( 73 ) 1
	( 74 ) 1
	( 79 ) 1
	( 80 ) 1
	!Floor 5
	( 85 ) 1
	( 86 ) 1
	( 87 ) 1
	( 88 ) 1
	
	( 89 ) 1
	( 90 ) 1
	( 91 ) 1
	( 92 ) 1
	( 93 ) 1
]
Oceanview: [
	!( Nodes )
	!Floor 1
	( 2 )  1
	( 8 )  1
	( 13 ) 1
	( 14 ) 1
	( 19 ) 1
	( 20 ) 1
	!Floor 2
	( 28 ) 1
	( 34 ) 1
	( 39 ) 1
	( 40 ) 1
	( 45 ) 1
	( 46 ) 1
	!Floor 3
	( 53 ) 1
	( 59 ) 1
	( 60 ) 1
	( 65 ) 1
	( 66 ) 1
	!Floor 4
	( 73 ) 1
	( 74 ) 1
	( 79 ) 1
	( 80 ) 1
	!Floor 5
	( 87 ) 1
	( 88 ) 1
]

AreasFloors : [
	!(Floors, Nodes)
	!Floor 1
	( 1 1 )  1
	( 1 2 )  1
	( 1 3 )  1
	( 1 4 )  1
	( 1 5 )  1
	( 1 6 )  1		
	( 1 7 )  1
	( 1 8 )  1
	( 1 9 )  1
	( 1 10 ) 1
	( 1 11 ) 1
	( 1 12 ) 1
	( 1 13 ) 1
	( 1 14 ) 1
	( 1 15 ) 1
	( 1 16 ) 1
	( 1 17 ) 1
	( 1 18 ) 1
	( 1 19 ) 1
	( 1 20 ) 1
	( 1 21 ) 1
	( 1 22 ) 1
	( 1 23 ) 1
	( 1 24 ) 1
	( 1 25 ) 1
	( 1 26 ) 1
	
	( 1 89 ) 1
	!Floor 2
	( 2 27 ) 1
	( 2 28 ) 1
	( 2 29 ) 1
	( 2 30 ) 1
	( 2 31 ) 1
	( 2 32 ) 1
	( 2 33 ) 1
	( 2 34 ) 1
	( 2 35 ) 1
	( 2 36 ) 1
	( 2 37 ) 1
	( 2 38 ) 1
	( 2 39 ) 1
	( 2 40 ) 1
	( 2 41 ) 1
	( 2 42 ) 1
	( 2 43 ) 1
	( 2 44 ) 1
	( 2 45 ) 1
	( 2 46 ) 1
	( 2 47 ) 1
	( 2 48 ) 1
	( 2 49 ) 1
	( 2 50 ) 1
	( 2 51 ) 1
	
	( 2 90 ) 1
	!Floor 3
	( 3 52 ) 1
	( 3 53 ) 1
	( 3 54 ) 1
	( 3 55 ) 1
	( 3 56 ) 1
	( 3 57 ) 1
	( 3 58 ) 1
	( 3 59 ) 1
	( 3 60 ) 1
	( 3 61 ) 1
	( 3 62 ) 1
	( 3 63 ) 1
	( 3 64 ) 1
	( 3 65 ) 1
	( 3 66 ) 1
	( 3 67 ) 1
	( 3 68 ) 1
	( 3 69 ) 1
	( 3 70 ) 1
	
	( 3 91 ) 1
	!Floor 4
	( 4 71 ) 1
	( 4 72 ) 1
	( 4 73 ) 1
	( 4 74 ) 1
	( 4 75 ) 1
	( 4 76 ) 1
	( 4 77 ) 1
	( 4 78 ) 1
	( 4 79 ) 1
	( 4 80 ) 1
	( 4 81 ) 1
	( 4 82 ) 1
	( 4 83 ) 1
	( 4 84 ) 1
	
	( 4 92 ) 1
	!Floor 5
	( 5 85 ) 1
	( 5 86 ) 1
	( 5 87 ) 1
	( 5 88 ) 1
	
	( 5 93 ) 1
	]

!Functions:
FunctionsWindows: [
	!( Functions )
	!( 44 ) 1 !Day area
	!( 45 ) 1 !Day area
	!( 48 ) 1 !Bed ward medicine
	( 49 ) 1 !Bed ward 
	!( 50 ) 1 !Bed ward orthopedics/surgery
	!( 51 ) 1 !Patient hotel
	!( 52 ) 1 !Children bed ward
]

FunctionsOceanview: [
	!( Functions )
	
]


LockedFunctionsCentre: [
	!( Functions ) Nodes
	!Ambulance central locked to ambulance building
	!( 16 ) 25
	!( 17 ) 51
	
	!Lock all functions in floor 1 to floor 1 (node 89)
	( 1 ) 89
	( 2 ) 89
	( 3 ) 89
	( 4 ) 89
	( 5 ) 89
	( 6 ) 89
	( 7 ) 89
	( 8 ) 89
	( 9 ) 89
	( 10 ) 89
	( 12 ) 89
	( 13 ) 89
	( 14 ) 89
	( 15 ) 89
	( 16 ) 89
	( 31 ) 89
	( 44 ) 89
	( 45 ) 89
	!Lock all functions in floor 2 to floor 2 (node 90)
	( 11 ) 90
	( 17 ) 90
	( 18 ) 90
	( 24 ) 90
	( 25 ) 90
	( 28 ) 90
	( 29 ) 90
	( 30 ) 90
	( 32 ) 90
	( 33 ) 90
	( 35 ) 90
	( 36 ) 90
	( 37 ) 90
	( 38 ) 90
	( 41 ) 90
	( 43 ) 90
	( 55 ) 90
	!Lock all functions in floor 3 to floor 3 (node 91)
	( 23 ) 91
	( 27 ) 91
	( 34 ) 91
	( 39 ) 91
	( 40 ) 91
	( 42 ) 91
	( 46 ) 91
	( 47 ) 91
	( 51 ) 91
	( 52 ) 91
	( 53 ) 91
	( 54 ) 91
	( 56 ) 91
	( 57 ) 91
	!Lock all functions in floor 4 to floor 4 (node 92)
	( 19 ) 92
	( 20 ) 92
	( 21 ) 92
	( 26 ) 92
	( 48 ) 92
	( 50 ) 92
]


LockedFunctions: [
	!( Functions Nodes )
	!Floor 1
	
	!Floor 2
	
	!Floor 3
	
	!Floor 4
	
]

LockedMinimumFraction: [
	!( Functions Nodes ) Fraction
]

LockFloor : [
	!( Floor Functions ) 1
	( 1 1 ) 1
	( 1 2 ) 1
	( 1 3 ) 1
	( 1 4 ) 1
	( 1 5 ) 1
	( 1 6 ) 1
	( 1 7 ) 1
	( 1 8 ) 1
	( 1 9 ) 1
	( 1 10 ) 1
	( 1 12 ) 1
	( 1 13 ) 1
	( 1 14 ) 1
	( 1 15 ) 1
	( 1 16 ) 1
	( 1 31 ) 1
	( 1 44 ) 1
	( 1 45 ) 1
	
	( 2 11 ) 1
	( 2 17 ) 1
	( 2 18 ) 1
	( 2 24 ) 1
	( 2 25 ) 1
	( 2 28 ) 1
	( 2 29 ) 1
	( 2 30 ) 1
	( 2 32 ) 1
	( 2 33 ) 1
	( 2 35 ) 1
	( 2 36 ) 1
	( 2 37 ) 1
	( 2 38 ) 1
	( 2 41 ) 1
	( 2 43 ) 1
	( 2 55 ) 1
	
	( 3 23 ) 1
	( 3 27 ) 1
	( 3 34 ) 1
	( 3 39 ) 1
	( 3 40 ) 1
	( 3 42 ) 1
	( 3 46 ) 1
	( 3 47 ) 1
	( 3 51 ) 1
	( 3 52 ) 1
	( 3 53 ) 1
	( 3 54 ) 1
	( 3 56 ) 1
	( 3 57 ) 1
	
	( 4 19 ) 1
	( 4 20 ) 1
	( 4 21 ) 1
	( 4 26 ) 1
	( 4 48 ) 1
	( 4 50 ) 1
	
	( 5 22 ) 1
	( 5 49 ) 1
]

LockNotFloor : []
LockSameFloor : []