!Areas:
Windows: [
	!( Nodes )
	!Floor 1
	( 1 )  1
	( 2 )  1
	( 7 )  1
	( 8 )  1
	( 13 ) 1
	( 14 ) 1
	( 19 ) 1
	( 20 ) 1
	!Floor 2
	( 27 ) 1
	( 28 ) 1
	( 33 ) 1
	( 34 ) 1
	( 39 ) 1
	( 40 ) 1
	( 45 ) 1
	( 46 ) 1
	!Floor 3
	!( 52 ) 1
	!( 53 ) 1
	!( 58 ) 1
	!( 59 ) 1
	!( 60 ) 1
	!( 65 ) 1
	!( 66 ) 1
	!Floor 4
	!( 71 ) 1
	!( 72 ) 1
	!( 73 ) 1
	!( 74 ) 1
	!( 79 ) 1
	!( 80 ) 1
	!Floor 5
	!( 85 ) 1
	!( 86 ) 1
	!( 87 ) 1
	!( 88 ) 1
]

Oceanview: [
	!( Nodes )
	!Floor 1
	( 2 )  1
	( 8 )  1
	( 13 ) 1
	( 14 ) 1
	( 19 ) 1
	( 20 ) 1
	!Floor 2
	( 28 ) 1
	( 34 ) 1
	( 39 ) 1
	( 40 ) 1
	( 45 ) 1
	( 46 ) 1
	!Floor 3
	!( 53 ) 1
	!( 59 ) 1
	!( 60 ) 1
	!( 65 ) 1
	!( 66 ) 1
	!Floor 4
	!( 73 ) 1
	!( 74 ) 1
	!( 79 ) 1
	!( 80 ) 1
	!Floor 5
	!( 87 ) 1
	!( 88 ) 1
]

AreasFloors : [
	!(Floors, Nodes)
	!Floor 1
	( 1 1 )  1
	( 1 2 )  1
	( 1 3 )  1
	( 1 4 )  1
	( 1 5 )  1
	( 1 6 )  1		
	( 1 7 )  1
	( 1 8 )  1
	( 1 9 )  1
	( 1 10 ) 1
	( 1 11 ) 1
	( 1 12 ) 1
	( 1 13 ) 1
	( 1 14 ) 1
	( 1 15 ) 1
	( 1 16 ) 1
	( 1 17 ) 1
	( 1 18 ) 1
	( 1 19 ) 1
	( 1 20 ) 1
	( 1 21 ) 1
	( 1 22 ) 1
	( 1 23 ) 1
	( 1 24 ) 1
	( 1 25 ) 1
	( 1 26 ) 1
	!Floor 2
	( 2 27 ) 1
	( 2 28 ) 1
	( 2 29 ) 1
	( 2 30 ) 1
	( 2 31 ) 1
	( 2 32 ) 1
	( 2 33 ) 1
	( 2 34 ) 1
	( 2 35 ) 1
	( 2 36 ) 1
	( 2 37 ) 1
	( 2 38 ) 1
	( 2 39 ) 1
	( 2 40 ) 1
	( 2 41 ) 1
	( 2 42 ) 1
	( 2 43 ) 1
	( 2 44 ) 1
	( 2 45 ) 1
	( 2 46 ) 1
	( 2 47 ) 1
	( 2 48 ) 1
	( 2 49 ) 1
	( 2 50 ) 1
	( 2 51 ) 1
	!Floor 3
	( 3 52 ) 1
	!Floor 4
	( 4 53 ) 1
	!Floor 5
	( 5 54 ) 1
	]

!Functions:
FunctionsWindows: [
	!( Functions )
	!( 44 ) 1 !Day area
	!( 45 ) 1 !Day area
	!( 48 ) 1 !Bed ward medicine
	!( 49 ) 1 !Bed ward 
	!( 50 ) 1 !Bed ward orthopedics/surgery
	!( 51 ) 1 !Patient hotel
	!( 52 ) 1 !Children bed ward
]

FunctionsOceanview: [
	!( Functions )
	
]


LockedFunctionsCentre: [
	!( Functions ) Nodes
	!Ambulance central locked to ambulance building
	( 16 ) 25
	( 17 ) 51
	
	!Lock all centres from previous step (floor 1)
	( 1 ) 20
	( 2 ) 11
	( 3 ) 23
	( 6 ) 26
	( 7 ) 26
	( 8 ) 3
	( 9 ) 26
	( 12 ) 6
	( 13 ) 9
	( 14 ) 12
	( 15 ) 7
	( 16 ) 25
	( 23 ) 5
	( 26 ) 2
	( 37 ) 15
	( 41 ) 17
	( 42 ) 14
	( 43 ) 15
	( 55 ) 21
	!---------------------------------------------------
	!Lock all functions in floor 3 to floor 3 (node 52)
	( 10 ) 52
	( 25 ) 52
	( 34 ) 52
	( 36 ) 52
	( 38 ) 52
	( 44 ) 52
	( 45 ) 52
	( 46 ) 52
	( 47 ) 52
	( 48 ) 52
	( 51 ) 52
	( 54 ) 52
	!Lock all functions in floor 4 to floor 4 (node 53)
	( 19 ) 53
	( 20 ) 53
	( 21 ) 53
	( 22 ) 53
	( 50 ) 53
	( 52 ) 53
	( 53 ) 53
	( 56 ) 53
	( 57 ) 53
	!Lock all functions in floor 5 to floor 5 (node 54)
	( 49 ) 54
]


LockedFunctions: [
	!( Functions Nodes )
	( 1 8  ) 1 !The emergency department locked to the emercency entrance
	!Reception and pasient information + LMS + Ministry locked to the public entrance
	( 6 26 ) 1
	( 7 26 ) 1
	( 9 26 ) 1
	!---------------------------------------------------
		!---------------------------------------------------
	!Lock all functions from previous step (floor 1)
	( 1 8 ) 1
	( 1 19 ) 1
	( 1 20 ) 1
	( 1 22 ) 1
	( 2 8 ) 1
	( 2 10 ) 1
	( 2 11 ) 1
	( 3 22 ) 1
	( 3 23 ) 1
	( 6 26 ) 1
	( 7 26 ) 1
	( 8 3 ) 1
	( 8 5 ) 1
	( 9 26 ) 1
	( 12 1 ) 1
	( 12 4 ) 1
	( 12 6 ) 1
	( 13 9 ) 1
	( 13 21 ) 1
	( 14 12 ) 1
	( 15 7 ) 1
	( 15 10 ) 1
	( 15 12 ) 1
	( 16 25 ) 1
	( 23 5 ) 1
	( 26 2 ) 1
	( 37 15 ) 1
	( 41 16 ) 1
	( 41 17 ) 1
	( 42 13 ) 1
	( 42 14 ) 1
	( 42 16 ) 1
	( 43 15 ) 1
	( 55 21 ) 1
	( 55 24 ) 1
]

LockedMinimumFraction: [
	!( Functions Nodes ) Fraction
]

LockFloor : [
	( 1 1 ) 1
	( 1 2 ) 1
	( 1 3 ) 1
	( 1 6 ) 1
	( 1 7 ) 1
	( 1 8 ) 1
	( 1 9 ) 1
	( 1 12 ) 1
	( 1 13 ) 1
	( 1 14 ) 1
	( 1 15 ) 1
	( 1 16 ) 1
	( 1 23 ) 1
	( 1 26 ) 1
	( 1 37 ) 1
	( 1 41 ) 1
	( 1 42 ) 1
	( 1 43 ) 1
	( 1 55 ) 1
	( 2 4 ) 1
	( 2 5 ) 1
	( 2 11 ) 1
	( 2 17 ) 1
	( 2 18 ) 1
	( 2 24 ) 1
	( 2 27 ) 1
	( 2 28 ) 1
	( 2 29 ) 1
	( 2 30 ) 1
	( 2 31 ) 1
	( 2 32 ) 1
	( 2 33 ) 1
	( 2 35 ) 1
	( 2 39 ) 1
	( 2 40 ) 1
	( 3 10 ) 1
	( 3 25 ) 1
	( 3 34 ) 1
	( 3 36 ) 1
	( 3 38 ) 1
	( 3 44 ) 1
	( 3 45 ) 1
	( 3 46 ) 1
	( 3 47 ) 1
	( 3 48 ) 1
	( 3 51 ) 1
	( 3 54 ) 1
	( 4 19 ) 1
	( 4 20 ) 1
	( 4 21 ) 1
	( 4 22 ) 1
	( 4 50 ) 1
	( 4 52 ) 1
	( 4 53 ) 1
	( 4 56 ) 1
	( 4 57 ) 1
	( 5 49 ) 1
]

LockNotFloor : []
LockSameFloor : []