!Areas:
Windows: [
	!( Nodes )
	!Floor 1
	( 1 )  1
	( 2 )  1
	( 7 )  1
	( 8 )  1
	( 13 ) 1
	( 14 ) 1
	( 19 ) 1
	( 20 ) 1
	!Floor 2
	!( 27 ) 1
	!( 28 ) 1
	!( 33 ) 1
	!( 34 ) 1
	!( 39 ) 1
	!( 40 ) 1
	!( 45 ) 1
	!( 46 ) 1
	!Floor 3
	!( 52 ) 1
	!( 53 ) 1
	!( 58 ) 1
	!( 59 ) 1
	!( 60 ) 1
	!( 65 ) 1
	!( 66 ) 1
	!Floor 4
	!( 72 ) 1
	!( 73 ) 1
	!( 74 ) 1
	!( 79 ) 1
	!( 80 ) 1
	!Floor 5
	!( 85 ) 1
	!( 86 ) 1
	!( 87 ) 1
	!( 88 ) 1
	
	( 27 ) 1
	( 28 ) 1
	( 29 ) 1
	( 30 ) 1
]

Oceanview: [
	!( Nodes )
	!Floor 1
	( 2 )  1
	( 8 )  1
	( 13 ) 1
	( 14 ) 1
	( 19 ) 1
	( 20 ) 1
	!Floor 2
	!( 28 ) 1
	!( 34 ) 1
	!( 39 ) 1
	!( 40 ) 1
	!( 45 ) 1
	!( 46 ) 1
	!Floor 3
	!( 53 ) 1
	!( 59 ) 1
	!( 60 ) 1
	!( 65 ) 1
	!( 66 ) 1
	!Floor 4
	!( 73 ) 1
	!( 74 ) 1
	!( 79 ) 1
	!( 80 ) 1
	!Floor 5
	!( 87 ) 1
	!( 88 ) 1
]

AreasFloors : [
	!(Floors, Nodes)
	!Floor 1
	( 1 1 )  1
	( 1 2 )  1
	( 1 3 )  1
	( 1 4 )  1
	( 1 5 )  1
	( 1 6 )  1		
	( 1 7 )  1
	( 1 8 )  1
	( 1 9 )  1
	( 1 10 ) 1
	( 1 11 ) 1
	( 1 12 ) 1
	( 1 13 ) 1
	( 1 14 ) 1
	( 1 15 ) 1
	( 1 16 ) 1
	( 1 17 ) 1
	( 1 18 ) 1
	( 1 19 ) 1
	( 1 20 ) 1
	( 1 21 ) 1
	( 1 22 ) 1
	( 1 23 ) 1
	( 1 24 ) 1
	( 1 25 ) 1
	( 1 26 ) 1
	!Floor 2
	( 2 27 ) 1
	( 2 28 ) 1
	( 2 29 ) 1
	( 2 30 ) 1
	( 2 31 ) 1
	( 2 32 ) 1
	( 2 33 ) 1
	( 2 34 ) 1
	( 2 35 ) 1
	( 2 36 ) 1
	( 2 37 ) 1
	( 2 38 ) 1
	( 2 39 ) 1
	( 2 40 ) 1
	( 2 41 ) 1
	( 2 42 ) 1
	( 2 43 ) 1
	( 2 44 ) 1
	( 2 45 ) 1
	( 2 46 ) 1
	( 2 47 ) 1
	( 2 48 ) 1
	( 2 49 ) 1
	( 2 50 ) 1
	( 2 51 ) 1
	!Floor 3
	( 3 52 ) 1
	!Floor 4
	( 4 53 ) 1
	!Floor 5
	( 5 54 ) 1
	]

!Functions:
FunctionsWindows: [
	!( Functions )
	( 44 ) 1 !Day area
	( 45 ) 1 !Day area
	!( 48 ) 1 !Bed ward medicine
	!( 49 ) 1 !Bed ward 
	!( 50 ) 1 !Bed ward orthopedics/surgery
	!( 51 ) 1 !Patient hotel
	!( 52 ) 1 !Children bed ward
]

FunctionsOceanview: [
	!( Functions )
	
]


LockedFunctionsCentre: [
	!( Functions ) Nodes
	!Ambulance central locked to ambulance building
	( 16 ) 25
	( 17 ) 51
	
	
	!Lock floor 1
	( 1 ) 8
	( 2 ) 23
	( 4 ) 11
	( 5 ) 21
	( 6 ) 26
	( 7 ) 26
	( 9 ) 26
	( 10 ) 4
	( 16 ) 25
	( 18 ) 17
	( 24 ) 12
	( 25 ) 24
	( 27 ) 18
	( 28 ) 5
	( 29 ) 14
	( 33 ) 2
	( 44 ) 13
	( 45 ) 19
	!---------------------------------------------------

	!Lock all functions in floor 3 to floor 3 (node 52)
	( 8 ) 52
	( 11 ) 52
	( 26 ) 52
	( 34 ) 52
	( 36 ) 52
	( 37 ) 52
	( 38 ) 52
	( 39 ) 52
	( 40 ) 52
	( 50 ) 52
	( 51 ) 52
	( 52 ) 52
	( 53 ) 52
	!Lock all functions in floor 4 to floor 4 (node 53)
	( 12 ) 53
	( 13 ) 53
	( 14 ) 53
	( 15 ) 53
	( 20 ) 53
	( 22 ) 53
	( 46 ) 53
	( 47 ) 53
	( 54 ) 53
	( 56 ) 53
	( 57 ) 53
	!Lock all functions in floor 5 to floor 5 (node 54)
	( 19 ) 54
	( 21 ) 54
]


LockedFunctions: [
	!( Functions Nodes )
	!The emergency department locked to the emercency entrance
	( 1 8  ) 1
	!Reception and pasient information + LMS + Ministry locked to the public entrance
	( 6 26 ) 1
	( 7 26 ) 1
	( 9 26 ) 1
	
	!Lock floor 1
	( 1 7 ) 1
	( 1 8 ) 1
	( 1 10 ) 1
	( 1 20 ) 1
	( 2 20 ) 1
	( 2 22 ) 1
	( 2 23 ) 1
	( 4 9 ) 1
	( 4 10 ) 1
	( 4 11 ) 1
	( 5 15 ) 1
	( 5 21 ) 1
	( 6 26 ) 1
	( 7 26 ) 1
	( 9 26 ) 1
	( 10 1 ) 1
	( 10 2 ) 1
	( 10 4 ) 1
	( 16 25 ) 1
	( 18 15 ) 1
	( 18 16 ) 1
	( 18 17 ) 1
	( 24 9 ) 1
	( 24 12 ) 1
	( 25 19 ) 1
	( 25 24 ) 1
	( 27 13 ) 1
	( 27 18 ) 1
	( 28 3 ) 1
	( 28 5 ) 1
	( 28 6 ) 1
	( 29 14 ) 1
	( 33 2 ) 1
	( 44 13 ) 1
	( 45 19 ) 1
]

LockedMinimumFraction: [
	!( Functions Nodes ) Fraction
	
]

LockFloor : [
	( 1 1 ) 1
	( 1 2 ) 1
	( 1 4 ) 1
	( 1 5 ) 1
	( 1 6 ) 1
	( 1 7 ) 1
	( 1 9 ) 1
	( 1 10 ) 1
	( 1 16 ) 1
	( 1 18 ) 1
	( 1 24 ) 1
	( 1 25 ) 1
	( 1 27 ) 1
	( 1 28 ) 1
	( 1 29 ) 1
	( 1 33 ) 1
	( 1 44 ) 1
	( 1 45 ) 1
	
	( 2 3 ) 1
	( 2 17 ) 1
	( 2 23 ) 1
	( 2 30 ) 1
	( 2 31 ) 1
	( 2 32 ) 1
	( 2 35 ) 1
	( 2 41 ) 1
	( 2 42 ) 1
	( 2 43 ) 1
	( 2 48 ) 1
	( 2 49 ) 1
	( 2 55 ) 1
	
	( 3 8 ) 1
	( 3 11 ) 1
	( 3 26 ) 1
	( 3 34 ) 1
	( 3 36 ) 1
	( 3 37 ) 1
	( 3 38 ) 1
	( 3 39 ) 1
	( 3 40 ) 1
	( 3 50 ) 1
	( 3 51 ) 1
	( 3 52 ) 1
	( 3 53 ) 1
	
	( 4 12 ) 1
	( 4 13 ) 1
	( 4 14 ) 1
	( 4 15 ) 1
	( 4 20 ) 1
	( 4 22 ) 1
	( 4 46 ) 1
	( 4 47 ) 1
	( 4 54 ) 1
	( 4 56 ) 1
	( 4 57 ) 1
	
	( 5 19 ) 1
	( 5 21 ) 1
]

LockNotFloor : []
LockSameFloor : []