!Areas:
Windows: [
	!( Nodes )
	( 1 )  1
	( 2 )  1
	( 7 )  1
	( 8 )  1
]

Oceanview: [
	!( Nodes )
	( 2 )  1
	( 8 )  1
]

AreasFloors : [
	!(Floors, Nodes)
	( 1 1 )  1
	( 1 2 )  1
	( 1 3 )  1
	( 1 4 )  1
	( 1 5 )  1
	( 1 6 )  1		
	( 1 7 )  1
	( 1 8 )  1
	( 1 9 )  1
	( 1 10 ) 1
	( 1 11 ) 1
	( 1 12 ) 1
	( 2 13 ) 1
	( 2 14 ) 1
	( 2 15 ) 1
	( 2 16 ) 1
	( 2 17 ) 1
	( 2 18 ) 1		
	( 2 19 ) 1
	( 2 20 ) 1
	( 2 21 ) 1
	( 2 22 ) 1
	( 2 23 ) 1
	( 2 24 ) 1
	( 3 25 ) 1
	( 3 26 ) 1
	( 3 27 ) 1
	( 3 28 ) 1
	( 3 29 ) 1
	( 3 30 ) 1		
	( 3 31 ) 1
	( 3 32 ) 1
	( 3 33 ) 1
	( 3 34 ) 1
	( 3 35 ) 1
	( 3 36 ) 1
	( 1 37 ) 1
	( 2 38 ) 1
	( 3 39 ) 1
]

!Functions:
FunctionsWindows: [
	!( Functions )1
]

FunctionsOceanview: [
	!( Functions )1	
]

LockFloor : [
	( 1 7 ) 1
	( 1 8 ) 1
	( 1 12 ) 1
	( 1 14 ) 1
	( 1 19 ) 1
	( 1 20 ) 1
	( 1 21 ) 1
	( 1 22 ) 1
	( 1 23 ) 1
	( 1 26 ) 1
	( 1 28 ) 1
	( 2 1 ) 1
	( 2 4 ) 1
	( 2 5 ) 1
	( 2 6 ) 1
	( 2 9 ) 1
	( 2 10 ) 1
	( 2 11 ) 1
	( 2 13 ) 1
	( 2 15 ) 1
	( 3 2 ) 1
	( 3 3 ) 1
	( 3 16 ) 1
	( 3 17 ) 1
	( 3 18 ) 1
	( 3 24 ) 1
	( 3 25 ) 1
	( 3 27 ) 1
	( 3 29 ) 1
	( 3 30 ) 1
	]

LockNotFloor : [
	]

LockedFunctionsCentre: [
	!( Functions ) Nodes
	
	
	!( 7 ) 37
	!( 8 ) 37
	!( 12 ) 37
	!( 14 ) 37
	!( 19 ) 37
	!( 20 ) 37
	!( 21 ) 37
	!( 22 ) 37
	!( 23 ) 37
	!( 26 ) 37
	!( 28 ) 37
	
	( 1 ) 38
	( 4 ) 38
	( 5 ) 38
	( 6 ) 38
	( 9 ) 38
	( 10 ) 38
	( 11 ) 38
	( 13 ) 38
	( 15 ) 38
	
	( 2 ) 39
	( 3 ) 39
	( 16 ) 39
	( 17 ) 39
	( 18 ) 39
	( 24 ) 39
	( 25 ) 39
	( 27 ) 39
	( 29 ) 39
	( 30 ) 39
	
]

LockedFunctions: [
	!( Functions Nodes )
]

LockedMinimumFraction: [
	!( Functions Nodes ) Fraction
	
]

LockSameFloor : [
	!(Functions, Functions) 1
]